0 0.538461771335
1 0.21976325444
2 0.893072265806
3 0.0660409146542
4 0.574261660233
5 0.129593693626
6 0.33849296309
7 0.519109365627
8 0.0269452050479
9 0.566463186258
10 0.655985752877
11 0.728178184002
12 0.258524499042
13 0.888186218687
14 0.263551938568
15 0.68360785231
16 0.922779429777
17 0.465148488129
18 0.230980590028
19 0.0748657834154
20 0.927303358287
21 0.247746994622
22 0.0955549948918
23 0.0149910107458
24 0.620054430586
25 0.307361347329
26 0.454121220174
27 0.433229106573
28 0.610277759589
29 0.93858512077
30 0.136277002016
31 0.423720839094
32 0.450392671589
33 0.898549654715
34 0.0251814613799
35 0.385199542709
36 0.831581190327
37 0.268439521444
38 0.748276081856
39 0.276467240913
40 0.986544660992
41 0.643498622421
42 0.303851049656
43 0.87709314186
44 0.0271678524164
45 0.961009343238
46 0.735063292787
47 0.212352399948
48 0.999131199822
49 0.602240141635
50 0.206308301617
51 0.766242379975
52 0.491089324727
53 0.426758816137
54 0.418585793516
55 0.0576890433842
56 0.817453099858
57 0.868447707529
58 0.974617210832
59 0.947958828113
60 0.551196861293
61 0.476643530179
62 0.787312849279
63 0.233053448538
64 0.792007912323
65 0.770121934469
66 0.714407496368
67 0.0265252931174
68 0.0608098916271
69 0.228894322814
70 0.398307446934
71 0.970274553355
72 0.468057291618
73 0.974258903764
74 0.695126091117
75 0.112781810233
76 0.782925636077
77 0.95624832709
78 0.700331995724
79 0.226908043635
80 0.207428564597
81 0.638681882081
82 0.800294204171
83 0.774793524125
84 0.899930168802
85 0.162591089816
86 0.962412424823
87 0.0873094373722
88 0.758981541838
89 0.970019590767
90 0.815128695449
91 0.399364610762
92 0.9807428211
93 0.576141269584
94 0.803406326114
95 0.347574349172
96 0.881287656789
97 0.982805167759
98 0.472012542524
99 0.129804868261
100 0.342215654691
101 0.627947471716
102 0.427654350632
103 0.48222633557
104 0.82734620153
105 0.884443921472
106 0.19888385255
107 0.421864515457
108 0.522496449504
109 0.71003216948
110 0.553987198399
111 0.414135971954
112 0.476547026924
113 0.445848374315
114 0.288752400747
115 0.956715974888
116 0.30137011715
117 0.0842237328828
118 0.916971986826
119 0.697526969332
120 0.575713057086
121 0.209058067051
122 0.956466840184
123 0.807492271543
124 0.631552878713
125 0.0013184408161
126 0.657357673541
127 0.238635613327
128 0.118620893907
129 0.0398749861125
130 0.0763778928675
131 0.17019079124
132 0.646809437732
133 0.420336767022
134 0.310195577889
135 0.986201401768
136 0.58539385466
137 0.224407246199
138 0.754413197591
139 0.348479764643
140 0.360718106809
141 0.247092373321
142 0.740931765815
143 0.355091541292
144 0.951668950678
145 0.870434339848
146 0.100462204623
147 0.978879348348
148 0.852196842383
149 0.681141081952
150 0.192143321401
151 0.404531030683
152 0.414991541981
153 0.59041983567
154 0.996236673144
155 0.568561842025
156 0.309113394177
157 0.386898294735
158 0.0260365980298
159 0.471696633982
160 0.653778081252
161 0.710518032166
162 0.492029281535
163 0.622859497439
164 0.320571294942
165 0.462383247708
166 0.654912247582
167 0.934518435213
168 0.802247511608
169 0.0868753488824
170 0.0933783065613
171 0.402725228636
172 0.0757093281487
173 0.230149846748
174 0.585218173329
175 0.405012121828
176 0.385084006765
177 0.779616981002
178 0.736802104944
179 0.371053657661
180 0.766443603026
181 0.321985338612
182 0.62981702987
183 0.63372071661
184 0.504395624826
185 0.338798511524
186 0.290897069048
187 0.0779578685153
188 0.603749358596
189 0.355585284062
190 0.181900113236
191 0.0548265444739
192 0.606675468773
193 0.116387356158
194 0.449417535394
195 0.15320332876
196 0.800749235831
197 0.619246121613
198 0.970916874209
199 0.526067077223
200 0.234688649805
201 0.246096950414
202 0.144960084117
203 0.226598331599
204 0.282534425488
205 0.647002259284
206 0.712356551723
207 0.971060540189
208 0.30362353554
209 0.0752333407889
210 0.464977256425
211 0.902328080909
212 0.958650236717
213 0.570068183478
214 0.703046565818
215 0.423835309551
216 0.489932983936
217 0.618260865486
218 0.73309850428
219 0.587970730189
220 0.322438632065
221 0.106609930964
222 0.291139185577
223 0.140161985044
224 0.960768870076
225 0.613974586451
226 0.381655839605
227 0.938432354013
228 0.76311276455
229 0.448721063981
230 0.484882981208
231 0.67111448009
232 0.896376524924
233 0.532186608313
234 0.602709486791
235 0.102010606374
236 0.44574259991
237 0.0778338011077
238 0.0983481711778
239 0.0518650487686
240 0.776947087708
241 0.27154727601
242 0.447238226677
243 0.835778791227
244 0.308077762269
245 0.868647693517
246 0.314289621762
247 0.274496029099
248 0.375997315131
249 0.384454710929
250 0.0577068820697
251 0.535126173432
252 0.251928812151
253 0.763742038091
254 0.233027698993
255 0.134168562978
256 0.504027175328
257 0.690157195623
258 0.164551491976
259 0.438589889768
260 0.929765887598
261 0.515796979806
262 0.628723196019
263 0.746903467914
264 0.129569843174
265 0.707215715156
266 0.134096546355
267 0.349955284495
268 0.00608402880374
269 0.33895864891
270 0.0134439468632
271 0.335053877822
272 0.492027944755
273 0.919471900953
274 0.857827559741
275 0.116080938678
276 0.838081032182
277 0.100948357444
278 0.380857175079
279 0.518849418982
280 0.448550514707
281 0.456151393887
282 0.539886195294
283 0.0697997531271
284 0.263510971225
285 0.466217192376
286 0.523108321621
287 0.310412674319
288 0.600713361538
289 0.464744170043
290 0.268333116669
291 0.102076212776
292 0.988760191511
293 0.616998704644
294 0.77697144763
295 0.702805430457
296 0.617811666495
297 0.151257421136
298 0.708318027138
299 0.493452603688
300 0.361736054519
301 0.576500317062
302 0.976988498418
303 0.482556159376
304 0.218342166923
305 0.775590582847
306 0.172736126568
307 0.739786458887
308 0.0723070588044
309 0.462437262264
310 0.887595861181
311 0.389842305721
312 0.994265616747
313 0.392092010436
314 0.304999643475
315 0.312570116888
316 0.850331469973
317 0.267739966723
318 0.0501888993656
319 0.576758036223
320 0.457003389337
321 0.0655077798861
322 0.516142719914
323 0.875557738467
324 0.87242516793
325 0.778574529506
326 0.708575643522
327 0.33982960709
328 0.0997605706785
329 0.848425290962
330 0.216191310381
331 0.371206032121
332 0.326732394583
333 0.261619234247
334 0.184284484727
335 0.431324409314
336 0.255223860547
337 0.234438721693
338 0.377862319224
339 0.898762744352
340 0.718559119698
341 0.722552750033
342 0.56262187526
343 0.592864302584
344 0.914026077716
345 0.826400216352
346 0.887571254503
347 0.721827616203
348 0.0933535115384
349 0.965522233117
350 0.724263489207
351 0.676555964292
352 0.531840000596
353 0.355613852076
354 0.0162573712086
355 0.299880807537
356 0.918559456657
357 0.12416654309
358 0.177900142339
359 0.913373768011
360 0.217432501415
361 0.0274479885687
362 0.779341222384
363 0.859391150361
364 0.378559312556
365 0.295493181615
366 0.345859673598
367 0.810199576464
368 0.80094797913
369 0.880305773847
370 0.560054615534
371 0.328720846231
372 0.130381782328
373 0.894423080105
374 0.800255139183
375 0.116799926138
376 0.560409022925
377 0.704522157629
378 0.730867650934
379 0.448079062605
380 0.296588839406
381 0.0147730601299
382 0.118655566809
383 0.215666654295
384 0.650561215528
385 0.476262370388
386 0.885606854183
387 0.699784007773
388 0.312527052922
389 0.0796494020817
390 0.733057040294
391 0.795448887463
392 0.974763544652
393 0.382589062679
394 0.057790110687
395 0.190076417522
396 0.138756992616
397 0.484350245588
398 0.915407581914
399 0.0852913780259
400 0.801331366277
401 0.820141504235
402 0.204451428134
403 0.0511940702192
404 0.382435697128
405 0.346035735073
406 0.857802841284
407 0.617706201067
408 0.861118400139
409 0.740613505739
410 0.880310703738
411 0.176393797615
412 0.453321892306
413 0.364108198573
414 0.757449511484
415 0.6590428648
416 0.55544426694
417 0.361194226989
418 0.895888496751
419 0.958314966875
420 0.185207199093
421 0.0468542500896
422 0.766153923696
423 0.773688014098
424 0.778734745618
425 0.562069031295
426 0.520781338917
427 0.292193288442
428 0.680935192646
429 0.477096376067
430 0.103516495789
431 0.591555854953
432 0.218646491108
433 0.13219565968
434 0.368298048627
435 0.63160275985
436 0.846223564277
437 0.153995542998
438 0.892442268395
439 0.443214911583
440 0.888395097954
441 0.117754040273
442 0.73433800301
443 0.647027053896
444 0.819031366382
445 0.0778132025238
446 0.0348227083968
447 0.435350637151
448 0.389656185173
449 0.589356665996
450 0.20471693787
451 0.426415892665
452 0.90575048671
453 0.894480791245
454 0.915798231419
455 0.0255822635337
456 0.190770125958
457 0.947435375036
458 0.623849677432
459 0.8018311217
460 0.448382433158
461 0.702857519963
462 0.430637742351
463 0.967535095932
464 0.0381274718884
465 0.133725808314
466 0.62773411793
467 0.00587448362128
468 0.764892859392
469 0.297368930526
470 0.574790705097
471 0.540224653735
472 0.710001758985
473 0.457065801685
474 0.470626491456
475 0.756658421108
476 0.394629122846
477 0.539761190763
478 0.0108292195471
479 0.52025742986
480 0.350288788665
481 0.104903242519
482 0.511247998581
483 0.532130584209
484 0.498583937072
485 0.903980890328
486 0.282076945546
487 0.46151876602
488 0.565929864734
489 0.688316965597
490 0.664206938602
491 0.291914841037
492 0.823372145139
493 0.328510413995
494 0.896002183706
495 0.0151862551133
496 0.695290638414
497 0.228861138835
498 0.597196172824
499 0.0464036126148
500 0.863231853973
501 0.198566413679
502 0.768646374403
503 0.992859218989
504 0.00182610382812
505 0.684784633813
506 0.157354581847
507 0.0422500775378
508 0.234670002851
509 0.497400750154
510 0.384765196199
511 0.179684513713
512 0.227989952627
513 0.256968606991
514 0.589340804634
515 0.665437092458
516 0.0750370773107
517 0.693663785195
518 0.843459837306
519 0.713772826318
520 0.681875921975
521 0.314242286101
522 0.176344373211
523 0.784541019477
524 0.228205390519
525 0.147392919271
526 0.300010550695
527 0.130456286469
528 0.923326964444
529 0.135508695033
530 0.648830703413
531 0.202157548499
532 0.53674209575
533 0.905324168616
534 0.76387358907
535 0.0690115258631
536 0.939496882138
537 0.310155810972
538 0.956747779986
539 0.0817199943682
540 0.839134645265
541 0.836880937676
542 0.82797172898
543 0.649801592604
544 0.369095713325
545 0.764059091904
546 0.204702868508
547 0.960178746064
548 0.573974605223
549 0.458323399582
550 0.236274201622
551 0.639068779039
552 0.23440291666
553 0.274026327758
554 0.886529182344
555 0.354226867326
556 0.019579884909
557 0.417849308642
558 0.323650301353
559 0.761127849977
560 0.614442802375
561 0.886427616643
562 0.532075571755
563 0.199374281737
564 0.713989742172
565 0.0714886686354
566 0.723248923356
567 0.0165283574882
568 0.81767992054
569 0.277845179401
570 0.742467310801
571 0.416235634877
572 0.767540677388
573 0.376560016669
574 0.546471830396
575 0.896056364951
576 0.551128450128
577 0.137332370313
578 0.966157742646
579 0.466773699991
580 0.809846541669
581 0.804629005822
582 0.552387431013
583 0.738578075984
584 0.204510860773
585 0.488606222113
586 0.656975167439
587 0.602075477007
588 0.137032413606
589 0.643618220539
590 0.65811329136
591 0.864655007241
592 0.914433343936
593 0.735454943357
594 0.361367001084
595 0.51014627725
596 0.216300580376
597 0.16016520725
598 0.00928117776895
599 0.0993155706566
600 0.835462313857
601 0.357524502058
602 0.243373645095
603 0.052242211809
604 0.327893196143
605 0.115077060658
606 0.213575930385
607 0.565346626275
608 0.806700857287
609 0.216221419386
610 0.991241314233
611 0.109329645521
612 0.998994046004
613 0.750887325184
614 0.452853177598
615 0.546342537452
616 0.187798895378
617 0.867306027407
618 0.359648371714
619 0.303185588499
620 0.0103647617983
621 0.227904514154
622 0.268242337919
623 0.227797598033
624 0.895363182442
625 0.928256820285
626 0.898236829081
627 0.657904866995
628 0.412505963923
629 0.205012097442
630 0.241676629001
631 0.0739135668314
632 0.613637554716
633 0.055906477271
634 0.803508903833
635 0.494569056534
636 0.353125306872
637 0.0436628903973
638 0.616526568391
639 0.872612383335
640 0.724211151883
641 0.844789428462
642 0.665371197348
643 0.418007995175
644 0.416204679555
645 0.768542495358
646 0.592704575427
647 0.600787049795
648 0.911541614904
649 0.100601827327
650 0.653858084301
651 0.186691897997
652 0.80549779954
653 0.0630848194012
654 0.146621902098
655 0.0514416484902
656 0.137339259525
657 0.992396051168
658 0.945499318134
659 0.568685859941
660 0.204835627198
661 0.827281617105
662 0.591138009819
663 0.557931314506
664 0.73648030982
665 0.449561248948
666 0.961496551113
667 0.0384771377124
668 0.60572023884
669 0.385146877131
670 0.55866944614
671 0.714631963654
672 0.292755266293
673 0.535631898143
674 0.781697688664
675 0.0292719570963
676 0.609471762263
677 0.154186796523
678 0.345796770957
679 0.858915764453
680 0.975178155362
681 0.874079476372
682 0.904672677782
683 0.451115847143
684 0.164748196391
685 0.853935362346
686 0.122438597285
687 0.427726295387
688 0.851547995951
689 0.0822999776106
690 0.13163500085
691 0.964275626133
692 0.0495673926879
693 0.926138886696
694 0.242393759734
695 0.926089104943
696 0.620086616839
697 0.148851402146
698 0.206855871902
699 0.0364718337732
700 0.653150313541
701 0.0799608131587
702 0.497410581786
703 0.904720824091
704 0.445450736548
705 0.796863680701
706 0.967386960449
707 0.0929699807051
708 0.0647293161306
709 0.457389072973
710 0.984349006284
711 0.207817436536
712 0.212683183407
713 0.429458555621
714 0.977712318025
715 0.580855158827
716 0.0410968233975
717 0.302743481625
718 0.314640559456
719 0.297545512188
720 0.405785159081
721 0.581467809471
722 0.525648769746
723 0.162187616099
724 0.806771843316
725 0.223629401935
726 0.236222069198
727 0.194946967114
728 0.575395662914
729 0.409353742788
730 0.0492271279342
731 0.693344464873
732 0.164936742253
733 0.538128189821
734 0.632597210966
735 0.537229195707
736 0.694179575869
737 0.577013366547
738 0.82020497312
739 0.706776905177
740 0.451726462635
741 0.786937014092
742 0.932144778685
743 0.7353734574
744 0.422644317024
745 0.285645088234
746 0.481542304719
747 0.779901807002
748 0.861047377042
749 0.0265503564057
750 0.266988418164
751 0.644927831794
752 0.975592280098
753 0.368779534106
754 0.384745499098
755 0.872111454412
756 0.43240607191
757 0.420636752341
758 0.983407176239
759 0.342231999464
760 0.752239180934
761 0.27601247013
762 0.709143638357
763 0.769586014127
764 0.292347708699
765 0.443752277365
766 0.654470581553
767 0.0205506349528
768 0.392929596198
769 0.302394799911
770 0.589523937444
771 0.295672264806
772 0.453697428997
773 0.00027037846389
774 0.000262425672589
775 0.25369454066
776 0.922499714273
777 0.758137898271
778 0.892007611298
779 0.838782045906
780 0.524262013079
781 0.422118389157
782 0.348923095065
783 0.772794369243
784 0.00723365305371
785 0.167786912742
786 0.0996361988197
787 0.920904377228
788 0.3803058878
789 0.965154110919
790 0.8711034046
791 0.147657739598
792 0.16197765428
793 0.412831358681
794 0.138685560554
795 0.764417368096
796 0.0222902327734
797 0.598109835609
798 0.446798236507
799 0.943526749948
800 0.793323300409
801 0.599522958702
802 0.122529104018
803 0.637774724856
804 0.481763209669
805 0.695551267391
806 0.0603424958976
807 0.812344444235
808 0.831766307627
809 0.566258210688
810 0.163358246952
811 0.371216722775
812 0.847982240184
813 0.138674469396
814 0.570695235546
815 0.420070946068
816 0.902467372599
817 0.0347129111792
818 0.891064401795
819 0.665339655829
820 0.853522756699
821 0.801653875759
822 0.471258110925
823 0.515780955972
824 0.235207626495
825 0.832998788606
826 0.794765904993
827 0.760899062861
828 0.790476983772
829 0.71305829008
830 0.103033072095
831 0.0204658662942
832 0.846566990694
833 0.125954803421
834 0.566546107681
835 0.16975039849
836 0.541615685166
837 0.803533123991
838 0.0892000841088
839 0.211309678997
840 0.159180968383
841 0.264616530051
842 0.0205675111084
843 0.567812768695
844 0.210858325849
845 0.472456704302
846 0.904600129009
847 0.450601635566
848 0.838925060271
849 0.188363832052
850 0.102561807792
851 0.568749424479
852 0.153423896246
853 0.885876898223
854 0.876558910017
855 0.336305585176
856 0.423937921571
857 0.169365164883
858 0.97601874477
859 0.78764083516
860 0.0701528333179
861 0.390299290507
862 0.0674792463062
863 0.482481946061
864 0.564294180554
865 0.735446650785
866 0.00475841423201
867 0.86141112449
868 0.569781583574
869 0.859849400239
870 0.144853411996
871 0.756451514019
872 0.790851917249
873 0.0318638315434
874 0.921401408271
875 0.427190886616
876 0.931294596295
877 0.607121151586
878 0.774002677832
879 0.282032350685
880 0.408803426871
881 0.248143986638
882 0.553117941427
883 0.306856360108
884 0.997611262224
885 0.548384419058
886 0.826754834578
887 0.178979539681
888 0.721719970191
889 0.58068863723
890 0.458672115063
891 0.538293367735
892 0.715720825971
893 0.436860522089
894 0.632328744517
895 0.0857650824237
896 0.00555142036479
897 0.0524811825148
898 0.766922610243
899 0.98290856091
900 0.376529466748
901 0.355031634166
902 0.872232547503
903 0.355883982559
904 0.161927117766
905 0.791625820924
906 0.22171188418
907 0.0808626711272
908 0.133924069438
909 0.119706015012
910 0.658228308854
911 0.213817458281
912 0.835420247443
913 0.852464508371
914 0.77262766442
915 0.644464316082
916 0.231498324964
917 0.638561734703
918 0.386462271225
919 0.87847033435
920 0.10556408215
921 0.378003558391
922 0.220893720535
923 0.988140298063
924 0.926507989795
925 0.730396404308
926 0.547541931321
927 0.65994824555
928 0.497769560868
929 0.96765024409
930 0.545848766212
931 0.7953653045
932 0.516041356936
933 0.789230093988
934 0.863440833961
935 0.910975464827
936 0.329176755515
937 0.995484495438
938 0.41764292848
939 0.971195939067
940 0.97502490024
941 0.659909369099
942 0.325050453758
943 0.710005874543
944 0.460423485445
945 0.174217185139
946 0.0588394734055
947 0.799303733305
948 0.322617026974
949 0.0221024428804
950 0.177855417411
951 0.499135541955
952 0.175152622661
953 0.0126541251286
954 0.387242748632
955 0.214044676992
956 0.0572197401489
957 0.288691047743
958 0.547684226791
959 0.536547888296
960 0.0236577096903
961 0.527451505092
962 0.382960962288
963 0.236131884835
964 0.767108485334
965 0.408728617879
966 0.624929842172
967 0.931340554139
968 0.77992313724
969 0.124996250863
970 0.514726498641
971 0.576706004165
972 0.514814783855
973 0.460518323455
974 0.288119474
975 0.486008151609
976 0.574322639119
977 0.62064979744
978 0.771943136848
979 0.895631443056
980 0.543609010532
981 0.947287125547
982 0.973515890276
983 0.981063842514
984 0.579517800083
985 0.717692205072
986 0.0942459984809
987 0.205590538963
988 0.228981725105
989 0.0487520569697
990 0.282160000762
991 0.592296708217
992 0.283054759998
993 0.341989703341
994 0.0717811743318
995 0.627633541183
996 0.37705355679
997 0.312256904656
998 0.326862539509
999 0.230349719677
1000 0.136758783127
1001 0.520615709417
1002 0.534650064302
1003 0.645835797588
1004 0.999119603956
1005 0.0760753725461
1006 0.793781306106
1007 0.973478053987
1008 0.616517251373
1009 0.455463686052
1010 0.832741628611
1011 0.850590873058
1012 0.586514954763
1013 0.105775892837
1014 0.424048400697
1015 0.148524823311
1016 0.734275842603
1017 0.427777939128
1018 0.0242857291831
1019 0.913693011016
1020 0.413426306395
1021 0.198070290024
1022 0.857088240511
1023 0.412606414521
1024 0.464487493258
1025 0.0915973008073
1026 0.264756723672
1027 0.710906671789
1028 0.550189921236
1029 0.743435512701
1030 0.19987730613
1031 0.614687383706
1032 0.509758937757
1033 0.186593237338
1034 0.764012371342
1035 0.615876196269
1036 0.574505432367
1037 0.103776598993
1038 0.634397699122
1039 0.206184904323
1040 0.179140811315
1041 0.532657307846
1042 0.986217425943
1043 0.0126205649612
1044 0.558703662194
1045 0.801330466721
1046 0.551684213188
1047 0.924055512764
1048 0.485114192558
1049 0.527332801743
1050 0.494904155467
1051 0.975631854127
1052 0.769696749395
1053 0.649163290681
1054 0.685459893074
1055 0.209434656399
1056 0.873544111565
1057 0.33433330792
1058 0.656589711747
1059 0.101500525259
1060 0.140320645931
1061 0.503253174055
1062 0.674446391893
1063 0.725515856667
1064 0.145555774622
1065 0.165392442446
1066 0.134297212587
1067 0.553755299533
1068 0.418111706368
1069 0.121935290289
1070 0.99798868111
1071 0.181951626765
1072 0.0136977465797
1073 0.672261710227
1074 0.818892029188
1075 0.0547096765726
1076 0.598573297144
1077 0.517146218824
1078 0.137074436686
1079 0.71314871601
1080 0.0169702143495
1081 0.960487465075
1082 0.294478071922
1083 0.695352251663
1084 0.534712338066
1085 0.986504776896
1086 0.289354547496
1087 0.451549479101
1088 0.363987289482
1089 0.48557838477
1090 0.431206646309
1091 0.993684482629
1092 0.698072945617
1093 0.432155765756
1094 0.114945677701
1095 0.336981801037
1096 0.824028825605
1097 0.00300119464131
1098 0.106715882765
1099 0.236056072615
1100 0.697265036037
1101 0.460391060113
1102 0.884988974636
1103 0.438293981701
1104 0.728166914381
1105 0.0501320673093
1106 0.00503408823174
1107 0.267810841544
1108 0.877000995802
1109 0.504473320143
1110 0.169309768259
1111 0.4146716606
1112 0.54814279484
1113 0.603201339802
1114 0.0806450848625
1115 0.337682731381
1116 0.199939698553
1117 0.310715141013
1118 0.173883695049
1119 0.477869594716
1120 0.987512090726
1121 0.50107831203
1122 0.217269694314
1123 0.260432253058
1124 0.317530069982
1125 0.984539671926
1126 0.879237124659
1127 0.427105080849
1128 0.488559868866
1129 0.353352338386
1130 0.801528901849
1131 0.858439651432
1132 0.0665846942354
1133 0.983738786682
1134 0.345566507517
1135 0.71425660135
1136 0.868775660699
1137 0.173397252943
1138 0.277399780747
1139 0.980177024276
1140 0.254682056104
1141 0.403879183251
1142 0.367924156005
1143 0.982792800491
1144 0.665180888714
1145 0.935724550571
1146 0.530784970001
1147 0.832572774132
1148 0.577515756182
1149 0.143385812348
1150 0.990402220406
1151 0.204304812091
1152 0.290142350051
1153 0.972423870128
1154 0.923384876565
1155 0.00290902701828
1156 0.882068434319
1157 0.471001557109
1158 0.602385481125
1159 0.258477451422
1160 0.737990302168
1161 0.781608446415
1162 0.286964250981
1163 0.346474505349
1164 0.643141178987
1165 0.932283516177
1166 0.391680626879
1167 0.94308310399
1168 0.261202118093
1169 0.240662448437
1170 0.121815389559
1171 0.033228105931
1172 0.587393275554
1173 0.807769178352
1174 0.0312860869718
1175 0.265235465504
1176 0.942104717689
1177 0.915438547013
1178 0.0518378678511
1179 0.143785423584
1180 0.0554252124211
