0 0.341593051518
1 0.0528664359191
2 0.331317710697
3 0.34774245968
4 0.0185570114863
5 0.733066839423
6 0.0218543118547
7 0.874218492725
8 0.608923495777
9 0.502626530022
10 0.917021433416
11 0.578405734081
12 0.200786691424
13 0.188596361142
14 0.81037854197
15 0.0743804626351
16 0.572417803381
17 0.566986037149
18 0.190011852871
19 0.557136228377
20 0.263303646283
21 0.928799247318
22 0.857958726645
23 0.712945178707
24 0.190493306899
25 0.385435590433
26 0.794921978239
27 0.735235961533
28 0.451246479513
29 0.191603874635
30 0.706762561796
31 0.880601570544
32 0.807872922879
33 0.776998987524
34 0.206766605127
35 0.461104948631
36 0.439451008624
37 0.156489456899
38 0.840119831666
39 0.0604443956464
40 0.631920832085
41 0.208120333979
42 0.720767443808
43 0.737942647019
44 0.381742109251
45 0.440889362248
46 0.80357346047
47 0.704794449295
48 0.295925715711
49 0.664061230014
50 0.596552204664
51 0.0745431786491
52 0.785454916009
53 0.735852805563
54 0.411275448586
55 0.0359464059894
56 0.298410885883
57 0.0471200046766
58 0.0796329926657
59 0.174239163401
60 0.0223804083153
61 0.920216357536
62 0.574665419691
63 0.971636455399
64 0.401274618634
65 0.63439962954
66 0.741952705047
67 0.102824181164
68 0.367232006638
69 0.987534515573
70 0.625502108353
71 0.759694856218
72 0.456595092807
73 0.00513644177259
74 0.659331522156
75 0.637217177086
76 0.355254329164
77 0.0762851586637
78 0.894150643666
79 0.531303561142
80 0.99021598206
81 0.0226799041293
82 0.0516068428315
83 0.914116115283
84 0.83279575126
85 0.246667707735
86 0.817544892748
87 0.708298846579
88 0.33244375417
89 0.75095171077
90 0.408829682279
91 0.439806165274
92 0.805457771752
93 0.910404554937
94 0.587430694674
95 0.328279338236
96 0.750965918994
97 0.941118914786
98 0.177854939416
99 0.735858747531
100 0.0492037702176
101 0.486265541352
102 0.658151378473
103 0.788926474515
104 0.847648337153
105 0.0181397321409
106 0.200489140169
107 0.605759283187
108 0.149736920755
109 0.431430992276
110 0.449058774267
111 0.761823315719
112 0.864097323518
113 0.202171024735
114 0.809801426491
115 0.888941637525
116 0.25576697881
117 0.761499803084
118 0.00687469112542
119 0.750867305114
120 0.935884553357
121 0.534194820277
122 0.582651633431
123 0.765403211805
124 0.968258120556
125 0.322225780286
126 0.466573934736
127 0.614868139674
128 0.929379063186
129 0.884433052114
130 0.28113203911
131 0.865520418042
132 0.500877602838
133 0.573363173568
134 0.507791984081
135 0.147475208688
136 0.181377964084
137 0.112572190417
138 0.961850366492
139 0.18845739342
140 0.77247521577
141 0.112170697022
142 0.976632565665
143 0.727059060953
144 0.224225512215
145 0.132595727822
146 0.954352591704
147 0.77822209909
148 0.990495827551
149 0.169303019044
150 0.127446964874
151 0.479652992647
152 0.013455931014
153 0.812781116062
154 0.480330063894
155 0.936960954413
156 0.240862993222
157 0.680419068182
158 0.0129106845777
159 0.924209933226
160 0.373474982112
161 0.898330013881
162 0.835450967271
163 0.545000615406
164 0.150287234975
165 0.392292853804
166 0.0922532090044
167 0.59403770018
168 0.0687398594944
169 0.608108905223
170 0.914400377277
171 0.818811966659
172 0.296321895
173 0.168821441859
174 0.13828691261
175 0.151464855143
176 0.666361876317
177 0.186481243114
178 0.18487371003
179 0.558766364613
180 0.922870956117
181 0.550858352003
182 0.136797141514
183 0.57447856198
184 0.680667754312
185 0.486032979132
186 0.559051777914
187 0.747935673707
188 0.347922648222
189 0.0614188903808
190 0.0108175158338
191 0.25242748021
192 0.859292274183
193 0.84766263147
194 0.535383048512
195 0.833173855444
196 0.162865478945
197 0.972764460828
198 0.765729366463
199 0.0317492183747
200 0.881913750528
201 0.362806564108
202 0.695299898078
203 0.831219832651
204 0.965708701922
205 0.759922252727
206 0.220652832661
207 0.792805818412
208 0.526023711816
209 0.477189985912
210 0.295187617288
211 0.619945300019
212 0.947539465293
213 0.654460463092
214 0.550472213988
215 0.00531739802177
216 0.125654728683
217 0.15910166922
218 0.56441662672
219 0.556877658117
220 0.602757685655
221 0.0723266376107
222 0.935609383214
223 0.755330697836
224 0.545714114564
225 0.506636475926
226 0.429806212885
227 0.524294493305
228 0.167154819934
229 0.628729543526
230 0.118453987068
231 0.475366102108
232 0.754409101194
233 0.400020984564
234 0.293145204833
235 0.869677819764
236 0.468552775845
237 0.248122299389
238 0.369364376546
239 0.423799371627
240 0.908131530233
241 0.609578034986
242 0.755834285526
243 0.100131076556
244 0.10455037081
245 0.148402125462
246 0.0952260725295
247 0.398538025128
248 0.0638849927342
249 0.978085313594
250 0.643896117181
251 0.591178883454
252 0.0557377664322
253 0.716123822304
254 0.196496441421
255 0.250308240527
256 0.695613431507
257 0.182692142579
258 0.730921206481
259 0.999486821865
260 0.424654156803
261 0.624235453118
262 0.77172310535
263 0.586508356463
264 0.896185009062
265 0.850668088387
266 0.087216987449
267 0.932882873826
268 0.663778786353
269 0.370715335562
270 0.345525575315
271 0.612442257217
272 0.863714627847
273 0.863378727476
274 0.243443103753
275 0.487641623364
276 0.971953333946
277 0.788557627592
278 0.104792183893
279 0.591654384986
280 0.00304487970589
281 0.487536148462
282 0.963059017576
283 0.402340259536
284 0.731604574992
285 0.373882190021
286 0.807989945252
287 0.594796540491
288 0.742748158465
289 0.209422775458
290 0.414301457212
291 0.738360083489
292 0.637547621036
293 0.360807522518
294 0.513064834807
295 0.622965334721
296 0.625542700493
297 0.259642202861
298 0.377264143844
299 0.860442247817
300 0.72215369973
301 0.624861041391
302 0.44547290286
303 0.0449265425267
304 0.879102819851
305 0.309421320719
306 0.604709571848
307 0.96008155574
308 0.0891288038542
309 0.369686776363
310 0.589098845608
311 0.589786539005
312 0.660724482351
313 0.433872328534
314 0.244511965735
315 0.471312734747
316 0.214344243588
317 0.845375798446
318 0.544651301046
319 0.7954342195
320 0.862559830465
321 0.116987580824
322 0.594215707761
323 0.202665925014
324 0.757590750067
325 0.789572089294
326 0.13028752687
327 0.687182864972
328 0.3757512704
329 0.888067034887
330 0.483157095773
331 0.594298021237
332 0.39555656415
333 0.60091546146
334 0.23301914438
335 0.391871981352
336 0.802530365242
337 0.993653856464
338 0.859709255553
339 0.162059088439
340 0.0620327573401
341 0.599665071318
342 0.193423365249
343 0.142354237392
344 0.00811968996289
345 0.988470864274
346 0.0242129070827
347 0.81266369091
348 0.229955611237
349 0.943860757549
350 0.587494013247
351 0.566418453427
352 0.9075957398
353 0.0106682938314
354 0.938418122368
355 0.604313200893
356 0.270072316693
357 0.225552005361
358 0.0973505523413
359 0.553584479341
360 0.560086498648
361 0.0936164522186
362 0.287511526785
363 0.835076750324
364 0.469261784376
365 0.0780506128617
366 0.746233673957
367 0.651839851058
368 0.642659674749
369 0.727891587599
370 0.171611214207
371 0.996397493198
372 0.743656546984
373 0.885019184014
374 0.370890689663
375 0.817075570854
376 0.980210030679
377 0.892141946941
378 0.534551350659
379 0.889847857767
380 0.341667755253
381 0.748986445978
382 0.538718499608
383 0.865343088394
384 0.964131095513
385 0.488539029664
386 0.282099944841
387 0.194565345389
388 0.304088185435
389 0.734673246762
390 0.202211506158
391 0.0785599698067
392 0.297956829561
393 0.655130070039
394 0.113991675061
395 0.00109316985738
396 0.000655701869601
397 0.926622983644
398 0.657843797613
399 0.535603429261
400 0.403604200163
401 0.751780348149
402 0.759746532131
403 0.202932301507
404 0.639332075578
405 0.395305045886
406 0.9946297707
407 0.0348413814942
408 0.67369302823
409 0.612239676788
410 0.464384571136
411 0.182694796106
412 0.578936321291
413 0.830272092964
414 0.855911831676
415 0.390854203955
416 0.506603172266
417 0.446625572177
418 0.633432504554
419 0.256044258908
420 0.0828079251713
421 0.985563571875
422 0.147890772938
423 0.702803143659
424 0.423621023005
425 0.326209589517
426 0.191009256864
427 0.380553196065
428 0.363707851937
429 0.445717157297
430 0.308198560056
431 0.211895771808
432 0.347854739436
433 0.986845019891
434 0.951766151896
435 0.625430083922
436 0.666038461273
437 0.102347047973
438 0.0815188691134
439 0.344280033388
440 0.335335902229
441 0.00584833588886
442 0.271319847428
443 0.0900439248558
444 0.0362844484548
445 0.140991738006
446 0.375790106251
447 0.73625328056
448 0.243908135945
449 0.460010349485
450 0.414162817428
451 0.0653056864795
452 0.208644177341
453 0.135231484756
454 0.998683799253
455 0.69063199384
456 0.563109134481
457 0.641359410656
458 0.793199739494
459 0.826723133008
460 0.0368525870974
461 0.447131940574
462 0.0686743095282
463 0.374236431527
464 0.334368667508
465 0.881820614076
466 0.482095250185
467 0.032709529543
468 0.491830510104
469 0.0324089293027
470 0.330725132845
471 0.320273676985
472 0.751077361553
473 0.673681499337
474 0.839494241976
475 0.506107411314
476 0.794586295439
477 0.453623979626
478 0.275845381604
479 0.852021954638
480 0.316758684352
481 0.302089403671
482 0.753790769767
483 0.0333331364834
484 0.897799107643
485 0.52234148304
486 0.959467985897
487 0.416746946165
488 0.230915919357
489 0.692268268413
490 0.756272140661
491 0.0553730706069
492 0.94183137299
493 0.934008853068
494 0.783442936814
495 0.761420613353
496 0.131827725616
497 0.997771369721
498 0.444778075468
499 0.492303087286
500 0.130946393862
501 0.564061141232
502 0.899411552821
503 0.132145707559
504 0.471431223838
505 0.0231294613586
506 0.121618124922
507 0.425550766874
508 0.724307129773
509 0.525490535232
510 0.723631815687
511 0.671253950476
512 0.313569949613
513 0.595783171749
514 0.129397830652
515 0.0700762166285
516 0.0854501119505
517 0.831564209446
518 0.961740674986
519 0.701358364447
520 0.223327407864
521 0.503064025167
522 0.73069406594
523 0.959013134041
524 0.563825417852
525 0.84313216969
526 0.948205577492
527 0.507544595526
528 0.692735843701
529 0.171921438669
530 0.982156059288
531 0.763615693498
532 0.748083718519
533 0.825912486956
534 0.140943837053
535 0.341520556406
536 0.692319677312
537 0.259837340137
538 0.543061922291
539 0.341663509833
540 0.0298717144054
541 0.554088964724
542 0.166227685291
543 0.959093659949
544 0.321803161804
545 0.157021898289
546 0.678664539437
547 0.558117996733
548 0.423068901192
549 0.360707087347
550 0.129787157005
551 0.711808752575
552 0.0990765456133
553 0.553697060254
554 0.8465081759
555 0.617138256351
556 0.781900447711
557 0.0130862810429
558 0.607527690341
559 0.135405319764
560 0.525410739273
561 0.728124078728
562 0.888008331851
563 0.518156936154
564 0.641953706495
565 0.846829142866
566 0.984019745901
567 0.333673698304
568 0.293428105558
569 0.310177676033
570 0.889834205685
571 0.945664279109
572 0.244307299917
573 0.826095341858
574 0.911267670302
575 0.775218560155
576 0.37165000066
577 0.888785350527
578 0.71426308387
579 0.528911427576
580 0.28846136179
581 0.73387962804
582 0.518588515115
583 0.465005104658
584 0.501299550222
585 0.496345666177
586 0.0553451126095
587 0.500340533942
588 0.228064823114
589 0.683022427054
590 0.554663142018
591 0.683406736831
592 0.629912532537
593 0.7122349735
594 0.795267687105
595 0.464046515621
596 0.75522611924
597 0.188114141759
598 0.0821946053008
599 0.197415780902
600 0.291716383393
601 0.257991783563
602 0.01636721125
603 0.879884955921
604 0.801658034246
605 0.299307394457
606 0.24417893986
607 0.719132845854
608 0.935645666506
609 0.34941148597
610 0.320207948685
611 0.496319395638
612 0.341782705038
613 0.54563104112
614 0.574817970912
615 0.293304728648
616 0.276676293586
617 0.723690498087
618 0.94174692684
619 0.766052293576
620 0.468676751283
621 0.193280065295
622 0.605117670946
623 0.298207342316
624 0.258898449773
625 0.754168939337
626 0.209125625387
627 0.152337765114
628 0.377457757718
629 0.214119191692
630 0.415244767918
631 0.230746995544
632 0.463659633657
633 0.461133301915
634 0.0272682305172
635 0.176799143579
636 0.688469054086
637 0.994623285929
638 0.861871287024
639 0.34060493828
640 0.193941251132
641 0.421563690354
642 0.0945359823658
643 0.855542160612
644 0.554482831954
645 0.766151386284
646 0.482924608721
647 0.686497950281
648 0.718342161503
649 0.427881296082
650 0.862044254612
651 0.249634756852
652 0.195640920555
653 0.442731944323
654 0.219404816819
655 0.933074110748
656 0.640891223611
657 0.601056267861
658 0.906693293234
659 0.602447567728
660 0.592431436101
661 0.232872382189
662 0.595312689049
663 0.1899944654
664 0.284210075823
665 0.352537556811
666 0.63244530067
667 0.836544124346
668 0.905276380774
669 0.863420487817
670 0.33283711122
671 0.23989668727
672 0.0486971821215
673 0.915722371025
674 0.220957113363
675 0.286998343935
676 0.885126386015
677 0.797793611589
678 0.54741017728
679 0.423619945175
680 0.591558980084
681 0.0843084746054
682 0.784185459001
683 0.686947988861
684 0.406522220949
685 0.0939872760406
686 0.288808304992
687 0.765342681175
688 0.365019957777
689 0.324730956762
690 0.142880405209
691 0.735384452856
692 0.441925149466
693 0.852901549508
694 0.413424143318
695 0.55110504881
696 0.0982402758104
697 0.0982750273267
698 0.606833164478
699 0.22506895298
700 0.991561026956
701 0.390413361518
702 0.978670856278
703 0.920752998623
704 0.734182006884
705 0.240409922831
706 0.494259792454
707 0.19568742229
708 0.742217758073
709 0.115740347492
710 0.84280378623
711 0.557272784918
712 0.737398631284
713 0.721060288065
714 0.811944809702
715 0.617011687858
716 0.545843340025
717 0.863036445368
718 0.627289471121
719 0.34205506528
720 0.00386220568076
721 0.628160103282
722 0.00339127461482
723 0.186708291654
724 0.329321429509
725 0.403478418292
726 0.442693144431
727 0.86127262176
728 0.99357083059
729 0.204650115409
730 0.451099804325
731 0.445005897476
732 0.867872403946
733 0.749939441514
734 0.980841987229
735 0.592220245448
736 0.156783562578
737 0.0428600207596
738 0.871610683048
739 0.100494048026
740 0.886150647476
741 0.663333349806
742 0.996297432629
743 0.815389739802
744 0.969014413995
745 0.716179857428
746 0.631949750173
747 0.689032837443
748 0.569951707508
749 0.945997039866
750 0.0959722245747
751 0.778933312187
752 0.458532610782
753 0.325609760945
754 0.431494002633
755 0.981553592682
756 0.0652040527178
757 0.951541607615
758 0.223033906362
759 0.858288588149
760 0.285568773758
761 0.883372073709
762 0.325025431902
763 0.647296234855
764 0.50902308155
765 0.0684555884774
766 0.46641104182
767 0.0735937027128
768 0.874030802634
769 0.437616582654
770 0.459174541649
771 0.187778031462
772 0.189824550973
773 0.999187097446
774 0.963949517987
775 0.796569479592
776 0.292744152362
777 0.0541088709402
778 0.378094131876
779 0.676761233722
780 0.8043250454
781 0.967311892089
782 0.139975215107
783 0.584876162596
784 0.195441484882
785 0.952075795959
786 0.843419876436
787 0.198042339725
788 0.901890646414
789 0.364430292749
790 0.487582575939
791 0.211671129264
792 0.221827397938
793 0.638812941352
794 0.0350130345597
795 0.479925179559
796 0.525480183008
797 0.568303527043
798 0.716318106938
799 0.193062231508
800 0.452869763362
801 0.893306159273
802 0.00322446981156
803 0.53840050093
804 0.663470098581
805 0.75895916491
806 0.104744254198
807 0.79017638287
808 0.592635734424
809 0.261384519873
810 0.757740899535
811 0.983554579588
812 0.915522555242
813 0.413165406438
814 0.00859700998485
815 0.0652596530541
816 0.303583351774
817 0.45960874244
818 0.830159798346
819 0.761024781364
820 0.761837395156
821 0.570508879186
822 0.182883647737
823 0.294693059755
824 0.0186310309026
825 0.81298181964
826 0.0888847025997
827 0.674074829339
828 0.701288062142
829 0.58080956622
830 0.244466450222
831 0.681567152372
832 0.454425035813
833 0.159886711123
834 0.644568904714
835 0.780854002548
836 0.64154612426
837 0.74924294489
838 0.390961313663
839 0.511806876663
840 0.822953697671
841 0.790854131451
842 0.633323737849
843 0.0278207918393
844 0.176010425302
845 0.956204322539
846 0.880657509713
847 0.610968830612
848 0.45538532398
849 0.806523344525
850 0.0781757574749
851 0.123220174228
852 0.90385386718
853 0.0166595167304
854 0.094718622702
855 0.122969387024
856 0.585068329873
857 0.77134629601
858 0.925213865496
859 0.134864679333
860 0.67157420644
861 0.318167653746
862 0.307477988698
863 0.715561949693
864 0.288838373292
865 0.0916582508048
866 0.82467426371
867 0.300247558267
868 0.930558982273
869 0.344981285
870 0.846105648964
871 0.198834166124
872 0.351263707513
873 0.488226052711
874 0.733731307416
875 0.0946427767693
876 0.610816628276
877 0.555573019667
878 0.758577884951
879 0.0905532193573
880 0.282020735012
881 0.627475250883
882 0.699535307729
883 0.5632235318
884 0.732260763844
885 0.758864696484
886 0.326785587864
887 0.0102422651231
888 0.921298218462
889 0.120624422118
890 0.399195518028
891 0.854439745174
892 0.0988983852292
893 0.0487487337446
894 0.639226465724
895 0.431100820593
896 0.708446101181
897 0.94389215381
898 0.640737762977
899 0.5780443079
900 0.329507640248
901 0.0502678871303
902 0.757429974893
903 0.650842106287
904 0.558241680159
905 0.533155310862
906 0.198488245015
907 0.994944414754
908 0.386178941288
909 0.75130359248
910 0.164940896779
911 0.921479441374
912 0.783992900029
913 0.742563108734
914 0.68652979875
915 0.604664220445
916 0.178030263283
917 0.767959482091
918 0.755794548985
919 0.280074548658
920 0.410492902578
921 0.262691448042
922 0.137208954652
923 0.869902575082
924 0.996288937009
925 0.565373914555
926 0.735309267818
927 0.71424261793
928 0.208777460837
929 0.476193429331
930 0.052924602068
931 0.324939624714
932 0.855000413824
933 0.5527990954
934 0.935629397347
935 0.770209994948
936 0.869587073328
937 0.214836822026
938 0.445323759081
939 0.709097656706
940 0.588967156257
941 0.879468360735
942 0.629009808225
943 0.418765747266
944 0.903202896383
945 0.102216350291
946 0.0955862637176
947 0.840734707633
948 0.78936522434
949 0.942902105168
950 0.818977298991
951 0.170038517247
952 0.634631782061
953 0.639650568038
954 0.556596913617
955 0.720239979678
956 0.991492511714
957 0.0493054584022
958 0.564368085571
959 0.428854349938
960 0.62540915099
961 0.716057374906
962 0.738537699171
963 0.779755870803
964 0.802719901871
965 0.396165198422
966 0.0932033861567
967 0.681649389175
968 0.906814486024
969 0.127826870886
970 0.190223363844
971 0.55187270666
972 0.951247801519
973 0.839533633274
974 0.0874244782522
975 0.100757255372
976 0.675613475855
977 0.642917987145
978 0.694425856483
979 0.700292254772
980 0.286427119392
981 0.685905415743
982 0.920156661579
983 0.037265858154
984 0.771938032655
985 0.29130174711
986 0.241624095721
987 0.739488394485
988 0.951807095307
989 0.222084409809
990 0.969032507034
991 0.0838468050515
992 0.490941590221
993 0.987798748078
994 0.61792173513
995 0.0329792625988
996 0.775661349522
997 0.24940513076
998 0.630296986056
999 0.0451973691187
1000 0.617972225687
1001 0.141656576594
1002 0.895068545197
1003 0.38046191908
1004 0.211374380647
1005 0.343448953541
1006 0.599188911361
1007 0.669195219937
1008 0.971266759762
1009 0.74779115984
1010 0.798160323194
1011 0.0665490478917
1012 0.471461958903
1013 0.957802996315
1014 0.663291515528
1015 0.507999252906
1016 0.777051824753
1017 0.5859558675
1018 0.562984509572
1019 0.72710777637
1020 0.663283776939
1021 0.250344044126
1022 0.7570244104
1023 0.690402086738
1024 0.829448181081
1025 0.836024484622
1026 0.358040889245
1027 0.473633874681
1028 0.896767230981
1029 0.750597140365
1030 0.0989133176259
1031 0.425466537106
1032 0.029322806553
1033 0.343535176906
1034 0.11910026091
1035 0.361825050975
1036 0.987576976502
1037 0.398203448322
1038 0.758993754592
1039 0.119407280088
1040 0.416441633209
1041 0.0649530119806
1042 0.21511264504
1043 0.563636397191
1044 0.6676355743
1045 0.280196557444
1046 0.168252333096
1047 0.909799416807
1048 0.214938524482
1049 0.549910463122
1050 0.120737706399
1051 0.22833828074
1052 0.0981336320121
1053 0.633531343823
1054 0.73115582484
1055 0.00656443076317
1056 0.120794368234
1057 0.83191716984
1058 0.472183459864
1059 0.0477970183262
1060 0.574171829688
1061 0.0903665245953
1062 0.993479136828
1063 0.511221851284
1064 0.00909918233158
1065 0.42843753044
1066 0.124843391087
1067 0.340894549959
1068 0.888640226732
1069 0.917017484009
1070 0.785521231412
1071 0.692005763846
1072 0.591103701325
1073 0.467014461964
1074 0.866299020939
1075 0.311852763461
1076 0.70794191721
1077 0.671071824127
1078 0.954654012098
1079 0.816030430073
1080 0.685283507318
1081 0.659981184331
1082 0.105818688115
1083 0.634995233791
1084 0.312691736001
1085 0.163071147409
1086 0.205793031092
1087 0.702020131812
1088 0.866629156152
1089 0.492871848736
1090 0.350938239008
1091 0.221338668567
1092 0.561125120271
1093 0.932739788895
1094 0.583666261873
1095 0.700832091211
1096 0.340800633434
1097 0.447457217127
1098 0.180587882191
1099 0.53516433236
1100 0.0572967842693
1101 0.577791398676
1102 0.977905090118
1103 0.861723247778
1104 0.220040876817
1105 0.497697729317
1106 0.256424642408
1107 0.398819887227
1108 0.854430210792
1109 0.506485682223
1110 0.392078357789
1111 0.999129308612
1112 0.299466795549
1113 0.37901274432
1114 0.179864554819
1115 0.507301831359
1116 0.228465391529
1117 0.00677198819973
1118 0.247003746283
1119 0.240825511096
1120 0.0396063804852
1121 0.910231321792
1122 0.461909171023
1123 0.622448961812
1124 0.482727440885
1125 0.796140361334
1126 0.419232720467
1127 0.37510622655
1128 0.467943318781
1129 0.4909668351
1130 0.948795200331
1131 0.530376372078
1132 0.687353792863
1133 0.353867197863
1134 0.542990823948
1135 0.803777727643
1136 0.132669356476
1137 0.303459735177
1138 0.116890894155
1139 0.326369028333
1140 0.851559007099
1141 0.051100233029
1142 0.389213469714
1143 0.216676654392
1144 0.313426537372
1145 0.962405446049
1146 0.334012157273
1147 0.623433271099
1148 0.782469813969
1149 0.553796927485
1150 0.800543536986
1151 0.688115654953
1152 0.369421588292
1153 0.537160038965
1154 0.687081562984
1155 0.0703650011603
1156 0.449986584034
1157 0.91391341989
1158 0.976026959245
1159 0.196808110934
1160 0.243247015582
1161 0.94458731063
1162 0.334520157592
1163 0.264714644345
1164 0.579964478948
1165 0.678744027993
1166 0.225620781199
1167 0.110688367491
1168 0.274838913966
1169 0.497253825185
1170 0.0303089428976
1171 0.769143540146
1172 0.00580772987661
1173 0.213244010123
1174 0.921698478327
1175 0.667473948935
1176 0.127050993578
1177 0.202868881659
1178 0.335908265576
1179 0.200957117363
1180 0.38185059966
