0 0.14321029338
1 0.55516851417
2 0.91132526589
3 0.450714471469
4 0.853352038907
5 0.973845988316
6 0.568344991342
7 0.320013645924
8 0.69579679701
9 0.326335298125
10 0.0861529899709
11 0.763456598394
12 0.429851826734
13 0.49059622361
14 0.895705212076
15 0.345837977429
16 0.887401444593
17 0.71763428955
18 0.176551548778
19 0.134118240528
20 0.696373250108
21 0.151928584377
22 0.162474012117
23 0.0440576267185
24 0.210250562767
25 0.632795285541
26 0.119955776309
27 0.881201563117
28 0.386193784153
29 0.630800222491
30 0.905923961136
31 0.203674404268
32 0.192476110145
33 0.0210088322127
34 0.0532386625321
35 0.0687625186813
36 0.191560175658
37 0.0956428886574
38 0.829443675377
39 0.698721599178
40 0.672842665519
41 0.413034289547
42 0.457068612496
43 0.156684415417
44 0.487365518691
45 0.230268376608
46 0.136881217089
47 0.381368413081
48 0.398358396574
49 0.277755099701
50 0.652712139154
51 0.0993993460512
52 0.694735804855
53 0.599454596254
54 0.628781314979
55 0.560102762499
56 0.351637813414
57 0.124715915451
58 0.645972280297
59 0.924792884874
60 0.484990005927
61 0.655298345764
62 0.104827641327
63 0.244090963168
64 0.980584495398
65 0.0521326047954
66 0.562233154386
67 0.274619574202
68 0.159137640816
69 0.569377359327
70 0.592544392786
71 0.210167982461
72 0.524758549226
73 0.452991071393
74 0.767283538168
75 0.174198953225
76 0.0874231865766
77 0.692832346906
78 0.215101871404
79 0.273899125621
80 0.694685076677
81 0.443158086204
82 0.323440865643
83 0.197415244789
84 0.127226609088
85 0.590236690301
86 0.172584388268
87 0.310471661779
88 0.640631317166
89 0.365460670728
90 0.226023725183
91 0.367340229188
92 0.208774911611
93 0.73712001824
94 0.900101318887
95 0.630796130634
96 0.866912353408
97 0.0775405180759
98 0.815745800145
99 0.988368745147
100 0.605148510752
101 0.00708500315167
102 0.694463002304
103 0.245612150919
104 0.806068289706
105 0.825384165657
106 0.411185275025
107 0.950286294827
108 0.533964716816
109 0.523183257601
110 0.596467891887
111 0.633064222045
112 0.805447850854
113 0.932056276718
114 0.57837933694
115 0.357378826065
116 0.0283399006688
117 0.267729710678
118 0.378485624182
119 0.712255612794
120 0.388730071989
121 0.202415500904
122 0.480968464831
123 0.725006832393
124 0.838935861951
125 0.782203580061
126 0.44976528053
127 0.549613113556
128 0.696550135957
129 0.5357895712
130 0.551837764247
131 0.282796290843
132 0.297402686505
133 0.595663205532
134 0.0843669062125
135 0.417873660264
136 0.92624032204
137 0.24537168936
138 0.874744706076
139 0.73478172169
140 0.553472386061
141 0.361162888558
142 0.570532716822
143 0.264708393087
144 0.608582764583
145 0.658977346466
146 0.327755495305
147 0.960915842056
148 0.999519404108
149 0.328989156677
150 0.807211554226
151 0.177912407833
152 0.569164842257
153 0.314386910169
154 0.222187110042
155 0.426020646606
156 0.719795563636
157 0.637580422211
158 0.413370915263
159 0.316344527706
160 0.115213848585
161 0.558252342302
162 0.18427465811
163 0.929728956688
164 0.630140400162
165 0.712394988986
166 0.347213939774
167 0.70356451867
168 0.415392518662
169 0.387607255119
170 0.754928763871
171 0.981335404238
172 0.397226190044
173 0.177285549366
174 0.0485165518747
175 0.510357831136
176 0.686253860315
177 0.59838516736
178 0.163761634398
179 0.651460146304
180 0.606251291569
181 0.996861003772
182 0.993542491153
183 0.397905953777
184 0.193241046887
185 0.738668527269
186 0.382402027713
187 0.8947109089
188 0.433655588286
189 0.112648404101
190 0.925421855747
191 0.498741379217
192 0.842022851854
193 0.0281624251469
194 0.789483986765
195 0.755715562939
196 0.534589306323
197 0.261382056291
198 0.242574139278
199 0.700584214216
200 0.641767491895
201 0.565409800614
202 0.59653178377
203 0.153062875759
204 0.919187759012
205 0.97688722906
206 0.440793211549
207 0.436168645139
208 0.703054361549
209 0.691896253162
210 0.0780538436757
211 0.722759696369
212 0.515835254946
213 0.548175297671
214 0.988174089713
215 0.21013142419
216 0.668025897449
217 0.778721220735
218 0.757070069609
219 0.395299675876
220 0.368940563731
221 0.0202620906856
222 0.878534093813
223 0.868203553518
224 0.415182911797
225 0.328810614198
226 0.64961068143
227 0.283877596454
228 0.17213627708
229 0.37755056903
230 0.319788399819
231 0.679791919015
232 0.127372732649
233 0.401920609125
234 0.833904669778
235 0.83367428371
236 0.331365119707
237 0.278823816882
238 0.958772632283
239 0.741348305493
240 0.0513264119328
241 0.222403213014
242 0.120778148728
243 0.164371971335
244 0.071557308311
245 0.0024254929299
246 0.60687761843
247 0.352701012554
248 0.908600907009
249 0.7158996392
250 0.0931875758833
251 0.455881538536
252 0.19584799792
253 0.391726057522
254 0.627237579203
255 0.29669575763
256 0.746697743443
257 0.637654492766
258 0.693163883952
259 0.230758316939
260 0.471384232097
261 0.393580097403
262 0.238784629079
263 0.0608986795313
264 0.403163962761
265 0.28194861446
266 0.792923530857
267 0.349976312942
268 0.012717675275
269 0.547261382599
270 0.237667367792
271 0.996855124581
272 0.612112969148
273 0.937515327847
274 0.505090128103
275 0.536912443097
276 0.850652562743
277 0.919332330304
278 0.592941503408
279 0.547381996342
280 0.477932814808
281 0.161994601863
282 0.697340202014
283 0.908271613576
284 0.945132241703
285 0.376805614492
286 0.149814184077
287 0.922215859149
288 0.902635461606
289 0.365379703158
290 0.303066833224
291 0.0315484509631
292 0.4462975252
293 0.684115249466
294 0.796965719595
295 0.207428032558
296 0.146779972104
297 0.913671695565
298 0.458404864338
299 0.974906469245
300 0.991948497525
301 0.590557525056
302 0.553043954786
303 0.674988821198
304 0.352246047897
305 0.276075184102
306 0.802765686765
307 0.303124306506
308 0.805726350586
309 0.196464668543
310 0.391312085223
311 0.0596563319587
312 0.268267216418
313 0.776667467325
314 0.290787550487
315 0.277908614099
316 0.970985434053
317 0.621662699649
318 0.389402090192
319 0.619326590788
320 0.430073738653
321 0.692895673929
322 0.874916970507
323 0.703833856695
324 0.35070746369
325 0.770987724177
326 0.308854976652
327 0.571716182794
328 0.962665147601
329 0.390920284358
330 0.768729453909
331 0.280290096078
332 0.324152241174
333 0.510229544197
334 0.0871705854361
335 0.270928919531
336 0.7994555379
337 0.660033256211
338 0.207979262678
339 0.166818628017
340 0.132045770236
341 0.436835085551
342 0.434607513544
343 0.377113364453
344 0.330757143367
345 0.027907454429
346 0.45169120242
347 0.711106865068
348 0.647582556276
349 0.860367650735
350 0.543040838621
351 0.249441953291
352 0.430689637171
353 0.0154828382448
354 0.681433232384
355 0.647401607429
356 0.815391117202
357 0.190504687625
358 0.429459849884
359 0.821530488101
360 0.743388466111
361 0.985637492042
362 0.0695547488782
363 0.911142777735
364 0.273849156517
365 0.816470087807
366 0.188242781935
367 0.179807765022
368 0.578692663761
369 0.22176108725
370 0.799480211441
371 0.172658223774
372 0.826226468913
373 0.639356793267
374 0.321665195996
375 0.449489948604
376 0.473635934678
377 0.901538976319
378 0.578032790233
379 0.0540847776943
380 0.302693770679
381 0.0531162455399
382 0.168242287727
383 0.373918088932
384 0.0622517811779
385 0.148300837816
386 0.849011054338
387 0.24677874849
388 0.48302864027
389 0.430787092481
390 0.843790415311
391 0.755738945262
392 0.146062436422
393 0.435811903496
394 0.0807318349368
395 0.964497226777
396 0.890217824346
397 0.257634284668
398 0.0142112032117
399 0.983528927016
400 0.671008121886
401 0.138181002403
402 0.449839700346
403 0.793588423967
404 0.578291771097
405 0.104882943139
406 0.985138771281
407 0.414195560187
408 0.216357275965
409 0.533722941241
410 0.315264254959
411 0.167531834044
412 0.165876188224
413 0.947340230512
414 0.298780371963
415 0.602032628912
416 0.257489185301
417 0.297215173714
418 0.183764730853
419 0.399427327937
420 0.972721759441
421 0.317289662363
422 0.258268173696
423 0.390998266681
424 0.729588675513
425 0.895893751107
426 0.720385006285
427 0.363388839003
428 0.962235163942
429 0.839190316471
430 0.492696102752
431 0.567290032862
432 0.664328594664
433 0.0553151423125
434 0.268057821839
435 0.443180818948
436 0.16591240798
437 0.955796614314
438 0.784995782756
439 0.913570729128
440 0.79421220721
441 0.458336643025
442 0.109517585164
443 0.660747361586
444 0.03375667717
445 0.978672217965
446 0.184368664074
447 0.751498624759
448 0.224482429761
449 0.057251619608
450 0.77770639506
451 0.899975677953
452 0.0175947826838
453 0.507342422485
454 0.896402823848
455 0.932593504552
456 0.63565166218
457 0.879457784457
458 0.487175314581
459 0.725860451907
460 0.748327003507
461 0.592020724291
462 0.832956403174
463 0.696366567135
464 0.882829520336
465 0.5078298145
466 0.229268713645
467 0.672899545028
468 0.704465052544
469 0.994946685894
470 0.327644922933
471 0.357715572394
472 0.211439488141
473 0.282133908243
474 0.78912016899
475 0.351162830426
476 0.0394865960701
477 0.781387393005
478 0.451600946759
479 0.808359156869
480 0.837798737844
481 0.224020140077
482 0.082016631743
483 0.268995474216
484 0.621360678278
485 0.633230707103
486 0.379004149861
487 0.204838996961
488 0.729431640712
489 0.628474715477
490 0.246719540363
491 0.602644963107
492 0.382004215512
493 0.702942747156
494 0.767247209621
495 0.816312801103
496 0.488028864098
497 0.399398004964
498 0.683907949478
499 0.0215333906881
500 0.947102521898
501 0.0724501732194
502 0.0725507742292
503 0.461802588972
504 0.383641791803
505 0.420985050768
506 0.540447039438
507 0.731959697396
508 0.544675282517
509 0.787892755461
510 0.88007557327
511 0.518405664743
512 0.936396041971
513 0.85595356355
514 0.62486131972
515 0.634285950494
516 0.549997242359
517 0.0866028830567
518 0.400071084985
519 0.387862463803
520 0.862177037299
521 0.772976645231
522 0.475682676287
523 0.653345016654
524 0.684808079592
525 0.202769564927
526 0.214891529262
527 0.333900480643
528 0.411893943088
529 0.956046222785
530 0.894787011519
531 0.132956334982
532 0.593650877589
533 0.574738032143
534 0.364817410756
535 0.372387632628
536 0.923617036038
537 0.492550835467
538 0.108072048392
539 0.207123069173
540 0.100150814557
541 0.380741978589
542 0.27527216314
543 0.317832242976
544 0.60301137379
545 0.687922583971
546 0.784952192127
547 0.169870179487
548 0.793734370144
549 0.182575177961
550 0.298001069988
551 0.352145836632
552 0.816621085084
553 0.173891071777
554 0.687956710343
555 0.394875972517
556 0.245121560295
557 0.509023846818
558 0.104112041718
559 0.0988336867524
560 0.510883518809
561 0.932392458065
562 0.516167573565
563 0.378746876206
564 0.199961312282
565 0.336697012949
566 0.0806092386366
567 0.198728575472
568 0.541534396733
569 0.855467441464
570 0.592620773263
571 0.660021859558
572 0.809012148712
573 0.705651963304
574 0.500140069852
575 0.787776843281
576 0.137473759041
577 0.3932143031
578 0.681607565823
579 0.0235411279994
580 0.481195313095
581 0.94612295112
582 0.52341704553
583 0.800114791875
584 0.407484677119
585 0.261506346228
586 0.928917407168
587 0.790010063868
588 0.0718646149668
589 0.140717541264
590 0.163769661054
591 0.203332730662
592 0.101131106472
593 0.899640624687
594 0.391952965206
595 0.167162790545
596 0.912938979199
597 0.891915546823
598 0.771788941601
599 0.510711216299
600 0.835140253965
601 0.519354260162
602 0.532021677161
603 0.806752992662
604 0.431104843308
605 0.603733753434
606 0.814413287488
607 0.219781424819
608 0.712881633812
609 0.384606091881
610 0.988127209659
611 0.492946604033
612 0.828551302133
613 0.546687373771
614 0.581411249452
615 0.730145899615
616 0.2582894253
617 0.813342993844
618 0.298807009105
619 0.474350579943
620 0.522665985998
621 0.37922427015
622 0.969578774995
623 0.0607252384079
624 0.590810339794
625 0.158365297875
626 0.725343215485
627 0.81474910782
628 0.640756559328
629 0.953279048682
630 0.48638876037
631 0.96370749204
632 0.753456688567
633 0.560800204305
634 0.71811614538
635 0.822138961031
636 0.536456709015
637 0.90288386212
638 0.0939426688194
639 0.949147349464
640 0.91867844691
641 0.374566282599
642 0.716735238686
643 0.986863145561
644 0.390032075752
645 0.75244735662
646 0.358746168644
647 0.878112570067
648 0.350460986643
649 0.949965673032
650 0.525612061416
651 0.577800166189
652 0.733665968187
653 0.0339388371136
654 0.335488722508
655 0.865025747946
656 0.405173155547
657 0.561113827681
658 0.368173157643
659 0.651725102223
660 0.587303571372
661 0.203063754522
662 0.516333486641
663 0.351664293215
664 0.234464490611
665 0.536158637041
666 0.993275363303
667 0.500852102949
668 0.723511394255
669 0.567555117424
670 0.123497789912
671 0.905777845557
672 0.703535766976
673 0.440885332193
674 0.698339968003
675 0.866359965989
676 0.349208307275
677 0.780486191672
678 0.555994716484
679 0.698894830583
680 0.521182992642
681 0.407696163014
682 0.668581148148
683 0.326731960641
684 0.891548603218
685 0.00457373556573
686 0.0154595504002
687 0.37840306282
688 0.36159789731
689 0.301279174758
690 0.430047998101
691 0.677338413892
692 0.383963055753
693 0.579319307864
694 0.479955725727
695 0.914664485912
696 0.39784239955
697 0.821423597813
698 0.225726721354
699 0.251478253884
700 0.659856243917
701 0.377957293612
702 0.522788682039
703 0.557713271732
704 0.025888369229
705 0.277817618394
706 0.164648628461
707 0.761296455304
708 0.697467440593
709 0.3429926732
710 0.977552097702
711 0.147442727505
712 0.552399312238
713 0.59356576562
714 0.881320027656
715 0.210222255787
716 0.994149364532
717 0.286550335692
718 0.979419790297
719 0.716397786173
720 0.164284348978
721 0.545299172302
722 0.699273633831
723 0.734071246105
724 0.420622575769
725 0.0251727788997
726 0.816811257202
727 0.581887479529
728 0.00835519493966
729 0.749470606811
730 0.245461551683
731 0.462275432398
732 0.45732843769
733 0.337551448673
734 0.925776369029
735 0.8565770285
736 0.672501450311
737 0.341002334139
738 0.200165667102
739 0.0879107995623
740 0.0398344992317
741 0.680183163854
742 0.0292228725081
743 0.401405538291
744 0.937134772132
745 0.637004931634
746 0.641056213961
747 0.987114197621
748 0.829265693492
749 0.0743662460029
750 0.373907925371
751 0.0226694541404
752 0.192611959523
753 0.276095340709
754 0.81525795058
755 0.432434132285
756 0.889113622959
757 0.124171873575
758 0.452492527123
759 0.616604312769
760 0.340805738787
761 0.718904280261
762 0.33430078222
763 0.0555993464957
764 0.953696490441
765 0.393857948887
766 0.863266190184
767 0.205863161145
768 0.239626254914
769 0.767352956663
770 0.233715525415
771 0.975666236986
772 0.490817676077
773 0.272119156809
774 0.611566071776
775 0.742050838436
776 0.331616341861
777 0.317510085487
778 0.522089413931
779 0.626776965258
780 0.432613156711
781 0.19197798846
782 0.867902416532
783 0.709256648411
784 0.940057591847
785 0.147003048416
786 0.282090300758
787 0.923831173671
788 0.0706767632088
789 0.890827650768
790 0.695911500491
791 0.954816416952
792 0.163010829138
793 0.380864941267
794 0.534061355527
795 0.137697322455
796 0.75026809829
797 0.690720279161
798 0.385966582421
799 0.725184177923
800 0.201690696933
801 0.466770325765
802 0.38593377348
803 0.634755836049
804 0.377841435363
805 0.994829553434
806 0.333920639061
807 0.541483159311
808 0.242538436289
809 0.436977768806
810 0.542162569284
811 0.358001396626
812 0.908219400003
813 0.244451606512
814 0.689382777562
815 0.807524350216
816 0.00304792339669
817 0.915273367716
818 0.580589811719
819 0.810770344825
820 0.52709954737
821 0.224922568469
822 0.910447193722
823 0.805385558987
824 0.84868184077
825 0.273742770268
826 0.256932154466
827 0.344967070603
828 0.832549373403
829 0.827056223971
830 0.686964093718
831 0.528771558909
832 0.232196161906
833 0.846732655714
834 0.0225622594918
835 0.363035470973
836 0.583747750373
837 0.724843874965
838 0.393926992285
839 0.555120195508
840 0.663943977052
841 0.614387837243
842 0.311282569373
843 0.0808357238187
844 0.377711351473
845 0.901161875697
846 0.990407299643
847 0.0592016374199
848 0.240324286735
849 0.148800047278
850 0.830945326622
851 0.3434252335
852 0.444015230088
853 0.282200443902
854 0.940430030205
855 0.219241241767
856 0.627381859378
857 0.814874722189
858 0.926451007577
859 0.507390903187
860 0.209149861352
861 0.202305451825
862 0.508922303001
863 0.669746825572
864 0.34728338398
865 0.420088362268
866 0.0521652062852
867 0.133285737276
868 0.65636116368
869 0.99920860698
870 0.169048612999
871 0.713025677573
872 0.559301597606
873 0.488266545296
874 0.897301190549
875 0.263633818279
876 0.257440390621
877 0.199155417458
878 0.749915201992
879 0.450985111908
880 0.519376727232
881 0.412614069476
882 0.576487594708
883 0.452656965532
884 0.166770673188
885 0.353434235057
886 0.418168843856
887 0.5920279368
888 0.360547193852
889 0.305046527918
890 0.391989673406
891 0.586771399469
892 0.610896204584
893 0.474053728984
894 0.428623435499
895 0.462634996065
896 0.989290160181
897 0.599446555927
898 0.460634768382
899 0.763041409113
900 0.863676840774
901 0.939155513913
902 0.0347006318747
903 0.084492319306
904 0.899782550363
905 0.895814246664
906 0.717674450718
907 0.745284044416
908 0.0799311728532
909 0.971468155143
910 0.70161186543
911 0.0264691010249
912 0.649596393487
913 0.367889939486
914 0.506330299005
915 0.549510922602
916 0.189139029563
917 0.0285166743749
918 0.125209374462
919 0.528282542652
920 0.638649310224
921 0.409299877101
922 0.649046971424
923 0.083102863928
924 0.808092866581
925 0.505715275517
926 0.950105395793
927 0.114387687166
928 0.766194265248
929 0.902820077877
930 0.0490663904901
931 0.0831495727474
932 0.26926393026
933 0.175193361483
934 0.434047943063
935 0.412438706146
936 0.326392139809
937 0.197741469278
938 0.726621705905
939 0.579301918701
940 0.530036696303
941 0.524930387826
942 0.111820044368
943 0.618911960166
944 0.726178047939
945 0.087525728422
946 0.383231834859
947 0.902314039904
948 0.362602552108
949 0.196863365464
950 0.816165468823
951 0.0580238693645
952 0.338023382056
953 0.964744997763
954 0.165629133234
955 0.435961255526
956 0.290416045837
957 0.11794497493
958 0.865808914444
959 0.902127707344
960 0.108565966933
961 0.984564757696
962 0.892289395378
963 0.53591485486
964 0.973252602044
965 0.475937172975
966 0.557160513676
967 0.680596927764
968 0.175997473211
969 0.441088738104
970 0.777216279215
971 0.229359182187
972 0.41918482257
973 0.566854938415
974 0.588788116306
975 0.482082771101
976 0.235699658127
977 0.832959400952
978 0.277735987912
979 0.881938347962
980 0.490750781821
981 0.660528303841
982 0.307375530003
983 0.625070371005
984 0.608882544417
985 0.498562030958
986 0.165573961981
987 0.822582524248
988 0.404558417987
989 0.96111905724
990 0.305361151846
991 0.905416497615
992 0.292321884307
993 0.0197655165643
994 0.0739170627731
995 0.985777269015
996 0.556000866844
997 0.903324606448
998 0.969972817335
999 0.791500488936
1000 0.475274250402
1001 0.910884784021
1002 0.91140377751
1003 0.185311567658
1004 0.760282973521
1005 0.898323421224
1006 0.171555995978
1007 0.977984962834
1008 0.403602051339
1009 0.6842213929
1010 0.0526021352715
1011 0.102654494284
1012 0.936543387073
1013 0.0689194679367
1014 0.445122294389
1015 0.0772978077521
1016 0.042139208224
1017 0.577251220554
1018 0.19704411745
1019 0.716762188937
1020 0.292379188033
1021 0.044365403038
1022 0.451066366326
1023 0.27012209288
1024 0.509802345737
1025 0.602557671535
1026 0.551792181578
1027 0.557424371485
1028 0.434154219895
1029 0.909308798134
1030 0.251012033833
1031 0.066923408711
1032 0.258709960779
1033 0.353699009468
1034 0.197652133537
1035 0.686183315325
1036 0.0247446253401
1037 0.272821877109
1038 0.213357502998
1039 0.550360087365
1040 0.958176666748
1041 0.443551169018
1042 0.771763563718
1043 0.55580291515
1044 0.862925756828
1045 0.176717422966
1046 0.875716456831
1047 0.585891720432
1048 0.535766173403
1049 0.21937472949
1050 0.612379935219
1051 0.263200684754
1052 0.102772221974
1053 0.814856389013
1054 0.243197049931
1055 0.0857284068475
1056 0.907397008376
1057 0.877081662585
1058 0.664947645754
1059 0.712312273164
1060 0.129620385649
1061 0.417911299902
1062 0.261753791483
1063 0.60079903826
1064 0.47263383826
1065 0.591099510436
1066 0.522798931727
1067 0.28931480253
1068 0.457076391589
1069 0.991332887681
1070 0.105158809772
1071 0.194032151958
1072 0.0209221950046
1073 0.849226880054
1074 0.177150045457
1075 0.300344729139
1076 0.95784976963
1077 0.398178737779
1078 0.66516897611
1079 0.0747063455
1080 0.992255657598
1081 0.841642764015
1082 0.122993648571
1083 0.114023841144
1084 0.816697789624
1085 0.670457067433
1086 0.202543801685
1087 0.990289816744
1088 0.397641407735
1089 0.480141256413
1090 0.82315959462
1091 0.0166696420717
1092 0.352338698926
1093 0.247353343693
1094 0.495212977711
1095 0.332536023722
1096 0.348798852255
1097 0.779767466503
1098 0.893779476674
1099 0.889023971275
1100 0.25344650536
1101 0.567025650293
1102 0.653694549862
1103 0.412596366609
1104 0.46102251187
1105 0.724417324177
1106 0.32456399757
1107 0.845220374079
1108 0.416320833026
1109 0.58322862237
1110 0.645476020795
1111 0.482128004011
1112 0.643817755364
1113 0.911037305474
1114 0.842430927822
1115 0.784979928157
1116 0.205994689293
1117 0.218551077525
1118 0.907384272282
1119 0.823282383952
1120 0.258182115981
1121 0.0287319407578
1122 0.0536022752524
1123 0.522023316971
1124 0.257526194769
1125 0.242654143229
1126 0.589586098801
1127 0.380638533325
1128 0.858422988135
1129 0.578517586117
1130 0.321269800299
1131 0.989418453419
1132 0.696534129214
1133 0.811449221126
1134 0.994795774615
1135 0.759957910941
1136 0.66291097082
1137 0.286229579876
1138 0.106590666474
1139 0.306540121994
1140 0.344404241386
1141 0.474432307113
1142 0.75647092904
1143 0.18355978298
1144 0.434049660818
1145 0.447077257938
1146 0.439994933527
1147 0.636423529438
1148 0.163502030758
1149 0.919612022857
1150 0.806964034105
1151 0.659794229689
1152 0.655514610195
1153 0.375608000747
1154 0.676596607073
1155 0.280899488224
1156 0.694652420129
1157 0.0042531690822
1158 0.152026902203
1159 0.785789773095
1160 0.754863241232
1161 0.243461161678
1162 0.0588150035414
1163 0.525002610663
1164 0.250071011116
1165 0.18364356857
1166 0.0782292388823
1167 0.593697404684
1168 0.374589014065
1169 0.518039682505
1170 0.569796232551
1171 0.547933395954
1172 0.762461617642
1173 0.264000989788
1174 0.937249406314
1175 0.428567578594
1176 0.36527126429
1177 0.705770271591
1178 0.395955960435
1179 0.678281614062
1180 0.61338059091
