0 0.528049824498
1 0.584206071146
2 0.739360093902
3 0.177622576001
4 0.556282770421
5 0.887909116013
6 0.188138166042
7 0.682359132155
8 0.774629165581
9 0.142731828087
10 0.635738604698
11 0.559674179234
12 0.0667738318188
13 0.787826466891
14 0.110098638005
15 0.465283953065
16 0.942853385175
17 0.35525183685
18 0.807545247893
19 0.178099354321
20 0.266365646754
21 0.0303809290099
22 0.703868688015
23 0.528886264627
24 0.870621520345
25 0.0708857340171
26 0.343755991338
27 0.695375541787
28 0.252988533742
29 0.978828312625
30 0.693521706865
31 0.0855222675459
32 0.430074447697
33 0.608977608226
34 0.866733816578
35 0.249757153246
36 0.572908368572
37 0.724373673851
38 0.939068954904
39 0.0924995347277
40 0.616752190208
41 0.0244445000017
42 0.158752110625
43 0.246971204291
44 0.737386836826
45 0.4715707837
46 0.392452798888
47 0.568904193725
48 0.777677871536
49 0.824688414519
50 0.219519687309
51 0.854303212507
52 0.177251947475
53 0.924397798159
54 0.772486651961
55 0.987044760066
56 0.514985699954
57 0.3491573556
58 0.184782823298
59 0.94510608675
60 0.0476809425334
61 0.0526218465095
62 0.151886806228
63 0.522198526479
64 0.714208289539
65 0.490521695536
66 0.18053485373
67 0.0127103082404
68 0.143536398003
69 0.552801623654
70 0.751191707355
71 0.547351164913
72 0.0446357477645
73 0.738865005475
74 0.122602909399
75 0.165147827117
76 0.530458262395
77 0.497450653153
78 0.801537969491
79 0.750624702509
80 0.373105288801
81 0.814710922098
82 0.404546106542
83 0.882812115303
84 0.579152146984
85 0.0928232660265
86 0.946345756318
87 0.0594988721736
88 0.736228109792
89 0.78430049353
90 0.77826565434
91 0.156616693341
92 0.264219612668
93 0.682195574744
94 0.948009533592
95 0.656039667423
96 0.619878090334
97 0.877411402525
98 0.620966032794
99 0.645085129149
100 0.739051833581
101 0.604712526941
102 0.82140533611
103 0.807022375509
104 0.317166018596
105 0.919198140547
106 0.47574325373
107 0.251591923076
108 0.335442452026
109 0.0545139354494
110 0.262043791302
111 0.873438919731
112 0.199031319384
113 0.864907835122
114 0.792205012282
115 0.362539989622
116 0.650946113308
117 0.733792943778
118 0.0328121326168
119 0.277935507156
120 0.638284806971
121 0.276196839317
122 0.926973594947
123 0.632273388441
124 0.134334947583
125 0.0485448468888
126 0.373833382854
127 0.413135101954
128 0.336369818942
129 0.504596717058
130 0.657511825246
131 0.616291711378
132 0.26364334726
133 0.798575955792
134 0.349851777531
135 0.813537950155
136 0.577196249223
137 0.932703039048
138 0.992642558853
139 0.7753522081
140 0.495787004639
141 0.212589365426
142 0.992079565688
143 0.487607447446
144 0.0955300979798
145 0.609653329683
146 0.842355448077
147 0.576245314135
148 0.0278502955566
149 0.740640352415
150 0.693907450036
151 0.606051572896
152 0.442385385131
153 0.193426413203
154 0.00407544917035
155 0.943815023958
156 0.398059442292
157 0.546342832899
158 0.802867817774
159 0.0891541370442
160 0.582418060833
161 0.435663011511
162 0.790397727936
163 0.434705465196
164 0.95882009121
165 0.378295348584
166 0.073688333697
167 0.844674849522
168 0.178788688706
169 0.507347428356
170 0.247123997891
171 0.956695310884
172 0.326028385788
173 0.475150987587
174 0.391810679302
175 0.611891088759
176 0.838522220296
177 0.13379481179
178 0.146142755258
179 0.723003886456
180 0.955835091595
181 0.350062098738
182 0.67510803567
183 0.332299976911
184 0.630914315857
185 0.250938983795
186 0.530243158562
187 0.0513102515334
188 0.754257789972
189 0.631653419485
190 0.971846059026
191 0.200939028112
192 0.740841245553
193 0.672939190901
194 0.871319483252
195 0.653330116661
196 0.79130239779
197 0.137254115446
198 0.233627822886
199 0.456574788725
200 0.239493371779
201 0.247011018819
202 0.660367952384
203 0.474591556882
204 0.276263983764
205 0.801480481778
206 0.532321964589
207 0.397264358029
208 0.433442024173
209 0.384814937039
210 0.210597543762
211 0.612262082769
212 0.767631228373
213 0.176463426688
214 0.197621789871
215 0.916843118194
216 0.1224105269
217 0.108235854952
218 0.14032117702
219 0.629792266041
220 0.541931390711
221 0.994464882623
222 0.0758512748599
223 0.426867603109
224 0.989366867792
225 0.999270809935
226 0.60294962966
227 0.665500726896
228 0.809699451779
229 0.760625699099
230 0.244047949141
231 0.973610159213
232 0.966747123304
233 0.318840265639
234 0.727634548929
235 0.012240072826
236 0.79152051957
237 0.591186189768
238 0.731627377457
239 0.155529499772
240 0.665350461836
241 0.373187416724
242 0.645158833475
243 0.835935536583
244 0.823506153597
245 0.0725597856901
246 0.948830100768
247 0.653398927153
248 0.425090092147
249 0.582452353444
250 0.861966307128
251 0.789620465152
252 0.560079758043
253 0.485876246678
254 0.640341472142
255 0.744709766725
256 0.439007929823
257 0.236959057802
258 0.511714648997
259 0.940809629608
260 0.591218958293
261 0.541340418498
262 0.71648133104
263 0.710349867759
264 0.725222251148
265 0.624650375441
266 0.212719472905
267 0.227366414726
268 0.621442035617
269 0.931913130315
270 0.441810805812
271 0.688140877429
272 0.365770910365
273 0.997706341489
274 0.178195638568
275 0.658735854096
276 0.100395042403
277 0.324654025817
278 0.0438682166906
279 0.325162518188
280 0.549083449967
281 0.469189143273
282 0.405556739032
283 0.0335243058888
284 0.650104017295
285 0.535745813928
286 0.732427473875
287 0.519677949104
288 0.684363672445
289 0.242267578008
290 0.659389627167
291 0.624983258988
292 0.971269515706
293 0.835737031375
294 0.335777586677
295 0.706086124747
296 0.875599621887
297 0.66386772562
298 0.950919179373
299 0.292196052983
300 0.185510583963
301 0.906032750469
302 0.869087537745
303 0.549684900962
304 0.0740555613857
305 0.307475324675
306 0.718756849113
307 0.337656266069
308 0.417844228191
309 0.48400005973
310 0.171636970697
311 0.547882591347
312 0.194486249675
313 0.835135853846
314 0.619120145704
315 0.589626138999
316 0.415460534881
317 0.0875618820614
318 0.697587643143
319 0.252602727193
320 0.0491671620189
321 0.258041656002
322 0.980376854563
323 0.688469756964
324 0.236725326836
325 0.346977327804
326 0.625878296166
327 0.860864798833
328 0.504792945058
329 0.847550396142
330 0.72620970248
331 0.821492276216
332 0.728838036621
333 0.292114719233
334 0.77265436778
335 0.751557853246
336 0.674941809109
337 0.296929451469
338 0.458201423514
339 0.276740331683
340 0.32210311353
341 0.316331748354
342 0.00548375906007
343 0.846623356138
344 0.102269476699
345 0.911081210035
346 0.22662769578
347 0.34015983134
348 0.968121921769
349 0.1819531792
350 0.789162359756
351 0.0745857242305
352 0.045675973991
353 0.555668785555
354 0.294805289015
355 0.18560030009
356 0.0916831948407
357 0.842172374346
358 0.0898055919618
359 0.825153046779
360 0.0521508679369
361 0.184957638646
362 0.0875392654185
363 0.00880119329833
364 0.629140207999
365 0.950185399507
366 0.384361046697
367 0.0882724976804
368 0.306514042432
369 0.394634545003
370 0.237355969278
371 0.920531985448
372 0.668077915786
373 0.837050867143
374 0.274794817521
375 0.584100425135
376 0.543829308974
377 0.796644321628
378 0.832960644962
379 0.27087446707
380 0.583658050584
381 0.651234700071
382 0.310307039711
383 0.222205165859
384 0.183377546406
385 0.90851265217
386 0.629982867999
387 0.341439631484
388 0.322226815071
389 0.902132620348
390 0.0629232340092
391 0.676787467321
392 0.542412694865
393 0.339388385371
394 0.601839004512
395 0.365007742027
396 0.846219865625
397 0.877894019826
398 0.231281002599
399 0.391341589315
400 0.45742894172
401 0.911344247096
402 0.15844339825
403 0.919706933132
404 0.30374248485
405 0.580117094537
406 0.777434376546
407 0.849267429474
408 0.590368066861
409 0.637234830408
410 0.0538461925924
411 0.680168170868
412 0.226835727725
413 0.0809614331212
414 0.0684317114128
415 0.956492134913
416 0.782206094015
417 0.299160966899
418 0.672383985112
419 0.896058800697
420 0.872700580454
421 0.621193251278
422 0.872165586767
423 0.200301761987
424 0.845496798771
425 0.384998948722
426 0.545012585066
427 0.394524603067
428 0.193199716959
429 0.0618616054896
430 0.647933605351
431 0.96973178483
432 0.719539355375
433 0.683789143367
434 0.37762849653
435 0.554879192542
436 0.449879499461
437 0.775827158288
438 0.884393620248
439 0.616032751008
440 0.486564691793
441 0.328023288547
442 0.74340502418
443 0.633569141615
444 0.74880029271
445 0.74980946722
446 0.28988703708
447 0.239137344014
448 0.51648212703
449 0.513658658265
450 0.780683911967
451 0.208946017717
452 0.835304389554
453 0.771220504144
454 0.418825234073
455 0.750554440114
456 0.162009952497
457 0.823545708581
458 0.901420659244
459 0.720301967288
460 0.717531829838
461 0.964592820643
462 0.752203404907
463 0.871769791584
464 0.899445615308
465 0.93535212683
466 0.891326428991
467 0.592734542322
468 0.0172401246722
469 0.0443299973825
470 0.764019462016
471 0.411911628342
472 0.604917321891
473 0.735953924753
474 0.623854385949
475 0.371950537524
476 0.400695919196
477 0.319143164969
478 0.808802217976
479 0.857302611499
480 0.94000991672
481 0.829156366423
482 0.475134078508
483 0.717289062497
484 0.515345369613
485 0.585370202302
486 0.482033817557
487 0.635705429879
488 0.678283891993
489 0.230580665406
490 0.712369157373
491 0.117921327974
492 0.366403467761
493 0.342302059361
494 0.389209364978
495 0.556002861608
496 0.276976038298
497 0.627698567791
498 0.122135855816
499 0.474326163588
500 0.366716809478
501 0.63058011804
502 0.371965428199
503 0.73846442649
504 0.627834055153
505 0.91186432425
506 0.554936184753
507 0.28427545979
508 0.886215414372
509 0.932709941757
510 0.635104953658
511 0.20205915902
512 0.0558181040423
513 0.370040906848
514 0.0310655292641
515 0.60543105635
516 0.599126851903
517 0.518331264518
518 0.235590450908
519 0.674331649077
520 0.695104031759
521 0.217087669681
522 0.095581530272
523 0.525357514472
524 0.691361162854
525 0.87991242529
526 0.70289876187
527 0.774170624935
528 0.82139589635
529 0.0687837657623
530 0.306215437237
531 0.80901318573
532 0.630341076853
533 0.736686418977
534 0.808970863809
535 0.543088871462
536 0.280237398162
537 0.790666593255
538 0.504047952596
539 0.715627143367
540 0.249857881999
541 0.714415034709
542 0.146692388017
543 0.996852296637
544 0.52498833359
545 0.467052949572
546 0.45214506958
547 0.806864298486
548 0.916427588518
549 0.210937823071
550 0.932255836727
551 0.903906448384
552 0.190766312415
553 0.875302343528
554 0.690411662565
555 0.345268891111
556 0.830062791247
557 0.705044230363
558 0.0902177907576
559 0.142780264562
560 0.557267821907
561 0.300987517904
562 0.489936656213
563 0.441234578606
564 0.962600633924
565 0.247124264149
566 0.145404408843
567 0.973882591006
568 0.562219690406
569 0.0101151406791
570 0.111531333286
571 0.8945463226
572 0.596481703899
573 0.220337688006
574 0.550705717128
575 0.508024458992
576 0.627893675217
577 0.90585391864
578 0.591721437935
579 0.277432601155
580 0.453637024621
581 0.538299882016
582 0.608366629948
583 0.0740103775963
584 0.16090071656
585 0.7380907014
586 0.0718553845982
587 0.416937754233
588 0.0579851789683
589 0.846543317908
590 0.661920180866
591 0.339095762825
592 0.3224985712
593 0.54333854509
594 0.237076722209
595 0.187792280836
596 0.170701650039
597 0.692170501592
598 0.934941974786
599 0.395389019522
600 0.184151867874
601 0.919141587203
602 0.964439929796
603 0.949021294983
604 0.780766368031
605 0.458138960823
606 0.310230731202
607 0.127771131287
608 0.0186280680634
609 0.622188714585
610 0.39069500638
611 0.747200432995
612 0.741442115104
613 0.792511462744
614 0.0119525811522
615 0.514180656375
616 0.544201147734
617 0.931458533045
618 0.374262496305
619 0.796902287427
620 0.805664555526
621 0.692265625671
622 0.319288332197
623 0.648694291987
624 0.891435318523
625 0.118344819739
626 0.492196052664
627 0.822556243527
628 0.879948573049
629 0.348626605865
630 0.132592191605
631 0.143937682066
632 0.311731915568
633 0.889424795977
634 0.3363160222
635 0.849938594744
636 0.469651002867
637 0.712676161815
638 0.32503906568
639 0.0662308262897
640 0.0871978901871
641 0.850350140609
642 0.259878690939
643 0.776551709382
644 0.991957078794
645 0.660430163869
646 0.746986968025
647 0.0110928036867
648 0.702052287765
649 0.75625063836
650 0.930283478437
651 0.181028450174
652 0.861932772744
653 0.570942796644
654 0.396426905816
655 0.908526363292
656 0.751612962953
657 0.271386162587
658 0.827351950486
659 0.0830233278665
660 0.486783782481
661 0.906357029344
662 0.918015133802
663 0.831564634332
664 0.944124536669
665 0.57800924373
666 0.19664851558
667 0.128476316346
668 0.616170592535
669 0.97059518556
670 0.563471469096
671 0.774143617872
672 0.412991700333
673 0.337277502659
674 0.109626498564
675 0.820402259864
676 0.376180229832
677 0.882774773512
678 0.460549411335
679 0.736375358861
680 0.732878578179
681 0.306222738859
682 0.308311441862
683 0.137825157674
684 0.994321589493
685 0.0779569391405
686 0.889099910534
687 0.920206909977
688 0.501341806829
689 0.72976768296
690 0.822210864414
691 0.538149082646
692 0.840086924754
693 0.855826129487
694 0.331849225714
695 0.146065297849
696 0.913190239266
697 0.0411315354304
698 0.542197836987
699 0.800061287469
700 0.680585300647
701 0.33697042685
702 0.327385747239
703 0.301008345499
704 0.911626037831
705 0.837515455507
706 0.933110988475
707 0.479440025004
708 0.798218004035
709 0.382028524211
710 0.373988500156
711 0.338201003011
712 0.633567059354
713 0.262470666976
714 0.296832056836
715 0.92682160414
716 0.567468731334
717 0.03366628271
718 0.382680304844
719 0.281208684951
720 0.0606168398123
721 0.155937805331
722 0.0189553184123
723 0.790148561482
724 0.623150053316
725 0.409712465467
726 0.298525384495
727 0.32069494061
728 0.169188491312
729 0.552356762566
730 0.375922948743
731 0.0668165944165
732 0.19236256466
733 0.604253050064
734 0.0435024611718
735 0.484753837404
736 0.8033665864
737 0.890595556528
738 0.704892746466
739 0.823890622124
740 0.752812377969
741 0.159835367319
742 0.655920409572
743 0.744039327977
744 0.316781207264
745 0.732257960749
746 0.492526243411
747 0.96842532913
748 0.859469864478
749 0.499895897816
750 0.461077527138
751 0.682758734974
752 0.252946523419
753 0.734135706687
754 0.860936422774
755 0.181509399836
756 0.204449140088
757 0.192276139651
758 0.309052070404
759 0.557232716172
760 0.425020664876
761 0.449012467607
762 0.721431801377
763 0.436416658078
764 0.306489059221
765 0.568826864816
766 0.0117809759193
767 0.592940240696
768 0.395619959206
769 0.100464245153
770 0.300722611982
771 0.233360351979
772 0.631898831552
773 0.205256536014
774 0.12267056012
775 0.430287501921
776 0.0958152051683
777 0.847824973602
778 0.816358528291
779 0.931434556647
780 0.802316152289
781 0.728163915156
782 0.188830168215
783 0.506778268723
784 0.0861137529929
785 0.278146950843
786 0.0687574997506
787 0.0788521384682
788 0.2149029739
789 0.123274557575
790 0.168546012593
791 0.415703937081
792 0.846719216654
793 0.280765609548
794 0.630195330916
795 0.500820390231
796 0.267177019327
797 0.323812845242
798 0.123823659938
799 0.63236645974
800 0.959133047897
801 0.980483582285
802 0.480684385025
803 0.412058677502
804 0.366161741914
805 0.092941647398
806 0.313517870593
807 0.608045068879
808 0.946134998304
809 0.170192810982
810 0.626320139469
811 0.359780708675
812 0.855107478039
813 0.170523775807
814 0.125805488164
815 0.928750969829
816 0.250486246527
817 0.863532388796
818 0.255795014524
819 0.131011113667
820 0.0324218749939
821 0.469364859742
822 0.382949753946
823 0.1153843333
824 0.933899615401
825 0.59220775073
826 0.941001629769
827 0.531215512329
828 0.656947386334
829 0.0414869285569
830 0.918281831876
831 0.228137260713
832 0.000870631678996
833 0.642293797276
834 0.29507494211
835 0.363587580325
836 0.245983672735
837 0.155224952993
838 0.415419638496
839 0.310769931222
840 0.53783939783
841 0.0328789424145
842 0.382661896951
843 0.0632116937494
844 0.851772367118
845 0.268509238517
846 0.426115424946
847 0.540897937083
848 0.946999919763
849 0.00472682372962
850 0.748032322162
851 0.584366064321
852 0.659193894397
853 0.402556022991
854 0.721548703372
855 0.194272326943
856 0.557606053224
857 0.702681081814
858 0.407299047482
859 0.422538012329
860 0.770804540918
861 0.994515957562
862 0.0311402270607
863 0.543963351849
864 0.580408695696
865 0.502532532157
866 0.939236945516
867 0.155748242738
868 0.175745543521
869 0.598745736602
870 0.842701466003
871 0.61254193901
872 0.90006392697
873 0.544264533877
874 0.512689871032
875 0.561105928733
876 0.806112300591
877 0.224573458542
878 0.523389063603
879 0.795198059172
880 0.0883629722582
881 0.40675454245
882 0.646413664848
883 0.284633641936
884 0.0873456721884
885 0.180304471553
886 0.475713492853
887 0.138966662464
888 0.0666845452288
889 0.659029705518
890 0.544166713973
891 0.426509707963
892 0.187659533194
893 0.800156476055
894 0.576040413933
895 0.342390307974
896 0.804807551333
897 0.579786646794
898 0.186691439746
899 0.0378426185548
900 0.941766729992
901 0.841457077816
902 0.619469994034
903 0.40814965204
904 0.567454114945
905 0.568605225252
906 0.646776172518
907 0.605586667368
908 0.662607098987
909 0.127050410277
910 0.427058297036
911 0.857834098986
912 0.306505833866
913 0.395249262646
914 0.580670637239
915 0.418340625832
916 0.138756177159
917 0.467757303421
918 0.969080891666
919 0.538294904439
920 0.811106891831
921 0.429013040177
922 0.137349730727
923 0.0782140748513
924 0.807462317475
925 0.665132323042
926 0.836990456502
927 0.970081880932
928 0.0143745424667
929 0.66957336399
930 0.521452613316
931 0.364067908376
932 0.245609457895
933 0.874336765088
934 0.697410246624
935 0.580862141148
936 0.689523840064
937 0.396024180193
938 0.813404747387
939 0.105745709168
940 0.748155973077
941 0.0852878864909
942 0.544597829483
943 0.311475197686
944 0.0304271098928
945 0.0240350168926
946 0.727841579379
947 0.500190295172
948 0.972973655496
949 0.0680830091318
950 0.736459185138
951 0.279178054963
952 0.232954128872
953 0.396076625355
954 0.217591022938
955 0.81947893116
956 0.0352196867587
957 0.0247891099553
958 0.40696596863
959 0.68736631012
960 0.210579001805
961 0.977362926313
962 0.0782628002424
963 0.224290165833
964 0.592239387137
965 0.528756854554
966 0.147499757142
967 0.356685634054
968 0.976843432741
969 0.0988480539665
970 0.0349809039287
971 0.533455511179
972 0.616401794282
973 0.354469311583
974 0.203183287033
975 0.986449961514
976 0.900594516793
977 0.601421992368
978 0.864664137692
979 0.568997933935
980 0.679183747584
981 0.848318031436
982 0.153540661632
983 0.101305284411
984 0.413392424155
985 0.520692087481
986 0.236940347644
987 0.810013276968
988 0.222090255715
989 0.267185146524
990 0.714994441499
991 0.730939708174
992 0.0261037511136
993 0.727571772476
994 0.600803697417
995 0.78665527669
996 0.49169857354
997 0.607908581033
998 0.722492435827
999 0.0671140402612
1000 0.526553871395
1001 0.373733499861
1002 0.188894015789
1003 0.754785105932
1004 0.296325099178
1005 0.41426762514
1006 0.509180927616
1007 0.234838359786
1008 0.530501969752
1009 0.967912885313
1010 0.188368629771
1011 0.534643849517
1012 0.105913581498
1013 0.43414545046
1014 0.43420546123
1015 0.745516478647
1016 0.671055473521
1017 0.567373349818
1018 0.746764336661
1019 0.00419361499518
1020 0.0219720335844
1021 0.585082726964
1022 0.0955394469407
1023 0.0568831177494
1024 0.629839035435
1025 0.601748655333
1026 0.834254598743
1027 0.772510372792
1028 0.177767386415
1029 0.012677508564
1030 0.672157038283
1031 0.663955634394
1032 0.363291235282
1033 0.851894132584
1034 0.372437917209
1035 0.987667639353
1036 0.338583638708
1037 0.154094962778
1038 0.807621804268
1039 0.0499084244011
1040 0.0653801967722
1041 0.0825207867905
1042 0.281660521624
1043 0.139404454546
1044 0.224440240299
1045 0.388034934141
1046 0.997717817062
1047 0.416997082618
1048 0.692515830536
1049 0.208107318567
1050 0.768700264533
1051 0.201905331939
1052 0.916158695139
1053 0.649312606969
1054 0.823431267233
1055 0.891679508398
1056 0.0313301738533
1057 0.436575648417
1058 0.182839139878
1059 0.535562636418
1060 0.161480037795
1061 0.942398220889
1062 0.936843271304
1063 0.758573502169
1064 0.27914567371
1065 0.0770203840613
1066 0.844537140785
1067 0.0934665920624
1068 0.878434309315
1069 0.428279662527
1070 0.867902603995
1071 0.951649036537
1072 0.906024447996
1073 0.0254980077901
1074 0.239496343943
1075 0.473049214438
1076 0.316870779498
1077 0.895383788647
1078 0.88662823651
1079 0.6659239589
1080 0.709044085243
1081 0.271281898943
1082 0.874863240898
1083 0.0867188324922
1084 0.0204757757945
1085 0.624262521811
1086 0.240924120097
1087 0.400884457879
1088 0.754647886365
1089 0.749779825528
1090 0.184106631468
1091 0.701107068842
1092 0.474514559203
1093 0.214601125592
1094 0.577357118008
1095 0.867996133684
1096 0.0934002150095
1097 0.0357820691957
1098 0.511028839711
1099 0.798519164761
1100 0.0589192703539
1101 0.881246132861
1102 0.416717917854
1103 0.195626224612
1104 0.960037106307
1105 0.983300425128
1106 0.158785770422
1107 0.770430371774
1108 0.71866010488
1109 0.352821511305
1110 0.897862084965
1111 0.907970343749
1112 0.207641374388
1113 0.649937894714
1114 0.344417979465
1115 0.496652546966
1116 0.0763288895584
1117 0.0778263166364
1118 0.111041790246
1119 0.280416075898
1120 0.859531053698
1121 0.27733327992
1122 0.78184905705
1123 0.744731946741
1124 0.406870222466
1125 0.653159537282
1126 0.140477116193
1127 0.386867898405
1128 0.235461318925
1129 0.525086058218
1130 0.306898313858
1131 0.579550580298
1132 0.941419185219
1133 0.630467411775
1134 0.696799152418
1135 0.517423527794
1136 0.986279533944
1137 0.806415277858
1138 0.740569985566
1139 0.427031049454
1140 0.252099339554
1141 0.569594123233
1142 0.968124611933
1143 0.919935662044
1144 0.984654628269
1145 0.0767862005591
1146 0.819687711434
1147 0.00594389391057
1148 0.268382438805
1149 0.639422318806
1150 0.649497471319
1151 0.871834469218
1152 0.196626419865
1153 0.528958127681
1154 0.492105609348
1155 0.227208961235
1156 0.554011987097
1157 0.66908017794
1158 0.0728056111178
1159 0.355077752439
1160 0.461947056757
1161 0.976451723302
1162 0.803488128364
1163 0.806289889851
1164 0.202005762968
1165 0.937362416291
1166 0.439343614422
1167 0.449557752375
1168 0.576723293727
1169 0.339089672898
1170 0.217889832871
1171 0.710781302773
1172 0.365767010934
1173 0.579495943093
1174 0.932645876439
1175 0.160758279064
1176 0.00286219242616
1177 0.31251572306
1178 0.373601627122
1179 0.798083276244
1180 0.448041956643
