0 0.559631849834
1 0.230371488584
2 0.441649202204
3 0.961692987535
4 0.958364260669
5 0.835092894687
6 0.961006048747
7 0.811746100455
8 0.844977728796
9 0.889939258454
10 0.0681317341413
11 0.929139606424
12 0.59740423739
13 0.16908622553
14 0.137183230661
15 0.51019951826
16 0.145443537337
17 0.945881653859
18 0.378622898827
19 0.0718746633516
20 0.0585528710197
21 0.895456145266
22 0.639062237871
23 0.548229414122
24 0.956796810571
25 0.414315816068
26 0.0108907044375
27 0.810980039412
28 0.69216491492
29 0.532547266968
30 0.0447990217667
31 0.819392755788
32 0.118563081266
33 0.459676572153
34 0.538119758976
35 0.6263063547
36 0.45964382378
37 0.23537242239
38 0.36378579261
39 0.309104537706
40 0.409615449169
41 0.906995386105
42 0.525474022165
43 0.995434450019
44 0.74488939578
45 0.99641824786
46 0.168875584025
47 0.918684255188
48 0.707104964145
49 0.889580620698
50 0.0891392710025
51 0.729903214599
52 0.924732898028
53 0.718677735498
54 0.0451552822741
55 0.170587930049
56 0.634992679751
57 0.108676492569
58 0.132315185942
59 0.800057347828
60 0.943306467836
61 0.119358297645
62 0.276167389212
63 0.94867851303
64 0.887383840297
65 0.695587324823
66 0.280278546948
67 0.658220258873
68 0.678588469598
69 0.75654609617
70 0.893921513379
71 0.244518433855
72 0.218312113768
73 0.397946093809
74 0.165756586207
75 0.583488887073
76 0.447262436367
77 0.104740452744
78 0.41959806923
79 0.364029301937
80 0.35701619928
81 0.7465576854
82 0.836555442172
83 0.798552117132
84 0.877477192895
85 0.159138408454
86 0.355643595938
87 0.0383316929217
88 0.797590398656
89 0.75558024545
90 0.54218318805
91 0.00779242466811
92 0.196020525318
93 0.0819607890268
94 0.355906092992
95 0.98538712585
96 0.776280850477
97 0.0734374005838
98 0.31199812827
99 0.486420686103
100 0.982562442813
101 0.537405787416
102 0.239484988771
103 0.919464684375
104 0.393183506603
105 0.757666127867
106 0.497702953747
107 0.749007930534
108 0.974657279495
109 0.797020486436
110 0.720268241066
111 0.549450284646
112 0.840130260528
113 0.140957834017
114 0.224313279671
115 0.581605441781
116 0.486662744499
117 0.48286409483
118 0.999050137946
119 0.0926129245786
120 0.990684119329
121 0.152924690935
122 0.169601567714
123 0.211275569257
124 0.716351058185
125 0.0278206841091
126 0.203681085956
127 0.19125358092
128 0.788336122182
129 0.847691089854
130 0.68166960494
131 0.105653593091
132 0.133317609266
133 0.222958832638
134 0.842741733726
135 0.0731969856571
136 0.176669695068
137 0.567307444807
138 0.233966065168
139 0.813522356204
140 0.441139780325
141 0.694527232521
142 0.226397744532
143 0.11310972562
144 0.113106122857
145 0.878368924849
146 0.062492353252
147 0.37751722903
148 0.778905105353
149 0.474490128276
150 0.0164660668074
151 0.451198940441
152 0.956759173565
153 0.867133688338
154 0.367115444127
155 0.0316577296621
156 0.794737512583
157 0.757920085927
158 0.415931617004
159 0.221116618029
160 0.735547953708
161 0.505826882034
162 0.344206318997
163 0.0241946128904
164 0.935446646504
165 0.194814202939
166 0.178005536253
167 0.81868324113
168 0.738147095639
169 0.34610934936
170 0.309438150808
171 0.0770115827039
172 0.881628726764
173 0.321346168787
174 0.337474154524
175 0.637181277298
176 0.46402475306
177 0.530135888781
178 0.950325181338
179 0.489546188232
180 0.208646770308
181 0.210474453272
182 0.342519688625
183 0.74020295708
184 0.839354061559
185 0.70049196715
186 0.989655452155
187 0.880652767834
188 0.907368775952
189 0.263148468956
190 0.188187099723
191 0.113361389658
192 0.842040611052
193 0.356291502538
194 0.281250258322
195 0.849726012492
196 0.295257425836
197 0.793431625108
198 0.768927039835
199 0.922142242558
200 0.370272975175
201 0.611089524184
202 0.791072612288
203 0.681066099821
204 0.248376698709
205 0.872629545326
206 0.716536404947
207 0.891382491401
208 0.594783584835
209 0.88069997903
210 0.982106125831
211 0.76707045973
212 0.727769391471
213 0.494013199642
214 0.751005573024
215 0.636966777053
216 0.610097149279
217 0.986310128453
218 0.110854749584
219 0.32950271513
220 0.302857199594
221 0.116737698616
222 0.34416744616
223 0.508164979557
224 0.978692763666
225 0.442886589325
226 0.958640154567
227 0.334222112564
228 0.300055561361
229 0.00326149358841
230 0.975127577708
231 0.643677665156
232 0.588344166483
233 0.65836762195
234 0.94103290786
235 0.621658019684
236 0.395404632955
237 0.228322672059
238 0.911463493198
239 0.868410268711
240 0.381985192849
241 0.935950175054
242 0.570521430661
243 0.475095694168
244 0.556857486776
245 0.657326543783
246 0.216609247606
247 0.758288456722
248 0.177307642383
249 0.575113328487
250 0.0632630954659
251 0.0310004802946
252 0.182480294106
253 0.429947849487
254 0.167591496796
255 0.481823334173
256 0.0353146393794
257 0.224411410601
258 0.744590923527
259 0.215791900043
260 0.550545801927
261 0.428268232679
262 0.97142404433
263 0.809241753288
264 0.315548728057
265 0.284353420604
266 0.349199645924
267 0.602496008326
268 0.896714120377
269 0.279306669388
270 0.383449999678
271 0.176114879733
272 0.0844589536517
273 0.0167399504623
274 0.658686972874
275 0.452700513424
276 0.760046891652
277 0.185080713754
278 0.246552753917
279 0.717267667076
280 0.0181722956358
281 0.0115480007836
282 0.72599863635
283 0.40594799802
284 0.665326944813
285 0.423408897556
286 0.129708363513
287 0.52978722469
288 0.942384936814
289 0.267052284954
290 0.0370081225454
291 0.090790684489
292 0.268356589639
293 0.552001965443
294 0.980806655907
295 0.23433730989
296 0.779252764861
297 0.908986268326
298 0.0873189116457
299 0.915009605273
300 0.0763342363823
301 0.00366400080711
302 0.282699889113
303 0.560493391009
304 0.641191007791
305 0.261390541406
306 0.348399332865
307 0.400601732603
308 0.896130278169
309 0.573134947938
310 0.967399386233
311 0.962651764278
312 0.4061003718
313 0.091903722211
314 0.31788746457
315 0.407097624008
316 0.79950413085
317 0.562083230403
318 0.587184838353
319 0.94613548296
320 0.53743458499
321 0.0974090112519
322 0.992690115272
323 0.151113536519
324 0.808361794219
325 0.271242067378
326 0.207031550162
327 0.322562218775
328 0.918471116248
329 0.237901887888
330 0.0842402171127
331 0.550131830714
332 0.0859604542619
333 0.40460618155
334 0.086969452754
335 0.0074485973202
336 0.0326950633665
337 0.393585346611
338 0.904938548319
339 0.499709210013
340 0.27171883651
341 0.0543312279925
342 0.924700911152
343 0.999214873962
344 0.902576517351
345 0.613914190767
346 0.48957660773
347 0.820098339451
348 0.733078501104
349 0.494921380691
350 0.354513451119
351 0.31528674001
352 0.888409275775
353 0.235746116602
354 0.300225504123
355 0.694579249442
356 0.339161786221
357 0.406351714356
358 0.494522522491
359 0.650536460408
360 0.538777668991
361 0.0126785427246
362 0.899094718311
363 0.753253153063
364 9.32786805196e-05
365 0.692330411518
366 0.0928342322357
367 0.808896529951
368 0.327903342018
369 0.858328933454
370 0.680141421169
371 0.561061530399
372 0.72120613125
373 0.590878516518
374 0.409949979325
375 0.559728608705
376 0.0888494873345
377 0.173175284476
378 0.311406087036
379 0.281392629309
380 0.143931985387
381 0.930624385567
382 0.649080195155
383 0.655014884927
384 0.169192647378
385 0.401041945261
386 0.763990248477
387 0.700669605963
388 0.984723554579
389 0.98016740573
390 0.14823765734
391 0.138587454552
392 0.367307052397
393 0.557870014545
394 0.324676465898
395 0.219393531744
396 0.269981374685
397 0.98003284753
398 0.999127245742
399 0.0907998458165
400 0.618906414973
401 0.838285505465
402 0.321138136345
403 0.245847351475
404 0.873790449932
405 0.674674923871
406 0.196150115073
407 0.116765160219
408 0.376994300519
409 0.933296492755
410 0.882139283525
411 0.00945800925353
412 0.746295951826
413 0.745202565794
414 0.541902459936
415 0.798944313161
416 0.321751084807
417 0.424471566935
418 0.347030578582
419 0.136263874165
420 0.553087967938
421 0.902833599676
422 0.814678247344
423 0.851200503344
424 0.0831967883749
425 0.919690099901
426 0.193894456343
427 0.310414491766
428 0.714722552974
429 0.903576192511
430 0.749256588304
431 0.832769293463
432 0.558276351271
433 0.563852598367
434 0.00676944289399
435 0.452587480601
436 0.72483947491
437 0.918743059789
438 0.0253001098184
439 0.0752672333092
440 0.247694665361
441 0.806569377867
442 0.170384729662
443 0.73142818458
444 0.906202578864
445 0.309915324153
446 0.807843498597
447 0.919678688674
448 0.735111178729
449 0.949102688902
450 0.727342319696
451 0.0768994902505
452 0.615591910537
453 0.0433947894949
454 0.886180694585
455 0.6269720874
456 0.898070165037
457 0.487361784091
458 0.692393554004
459 0.049452596919
460 0.127154194295
461 0.479508755934
462 0.549518339575
463 0.452072883248
464 0.344314638186
465 0.682931715494
466 0.260006810642
467 0.00938161770597
468 0.598597056482
469 0.816454614182
470 0.983113129748
471 0.663847840069
472 0.61774470101
473 0.528224583948
474 0.0199043716625
475 0.329353635185
476 0.425282630538
477 0.372836584332
478 0.475068290639
479 0.487673144255
480 0.679711218614
481 0.254784358927
482 0.590148238797
483 0.217858842041
484 0.311857148401
485 0.0796263803838
486 0.124561714055
487 0.914220015141
488 0.873786406079
489 0.99562190871
490 0.0659059281472
491 0.998571099554
492 0.327023476613
493 0.0203767791758
494 0.35244515919
495 0.106928273732
496 0.30085261906
497 0.20955430187
498 0.0242238112515
499 0.414438154345
500 0.0199218186039
501 0.380211295
502 0.521968294942
503 0.0412643926018
504 0.704068045028
505 0.252574701313
506 0.629111060577
507 0.924695868023
508 0.118202629346
509 0.487569750191
510 0.834803928889
511 0.0459070387865
512 0.542092041505
513 0.0908255490482
514 0.367173935515
515 0.4285582361
516 0.798130395285
517 0.717837098835
518 0.663837681903
519 0.523489443799
520 0.456414911736
521 0.624382836029
522 0.950670732964
523 0.333981072604
524 0.863273489648
525 0.143470326792
526 0.46116928729
527 0.561706907658
528 0.146059048276
529 0.775808039685
530 0.215806974815
531 0.265039430717
532 0.15385079282
533 0.644108327105
534 0.810002298719
535 0.673873521626
536 0.24068474974
537 0.0172551637373
538 0.869840849277
539 0.0967535350254
540 0.762589819369
541 0.11102328212
542 0.384814351161
543 0.874160005873
544 0.701847406961
545 0.708538385942
546 0.530292994056
547 0.441244393173
548 0.923996961608
549 0.284733193598
550 0.331301631778
551 0.103381445702
552 0.241493148794
553 0.154242068293
554 0.678639603387
555 0.770245688595
556 0.676428382327
557 0.977205385549
558 0.552905707684
559 0.127749065243
560 0.287369537611
561 0.902064851376
562 0.694004793279
563 0.0737814515398
564 0.508809351701
565 0.101893827683
566 0.00143308518187
567 0.922939822937
568 0.237426527226
569 0.223723848389
570 0.292183117765
571 0.717529088001
572 0.117254902787
573 0.856618998408
574 0.362134210621
575 0.543991215562
576 0.87418198223
577 0.491833721111
578 0.209214357851
579 0.425086724776
580 0.777448636448
581 0.045316219124
582 0.324744223856
583 0.162498474848
584 0.199148209006
585 0.0271097123329
586 0.619692118459
587 0.754125842696
588 0.744883383976
589 0.107621505311
590 0.899497844702
591 0.928918068554
592 0.690392505573
593 0.398238920769
594 0.158429762077
595 0.160450146303
596 0.0542084564003
597 0.543886882899
598 0.055052815069
599 0.185085225412
600 0.879743052709
601 0.989135572821
602 0.414120248196
603 0.93496973916
604 0.348417276933
605 0.557495794645
606 0.635648417116
607 0.935445475561
608 0.0239937163251
609 0.157189243674
610 0.00895613320426
611 0.694447419755
612 0.362125128865
613 0.083300833261
614 0.0896652660665
615 0.728012012443
616 0.714099399592
617 0.877467522512
618 0.59976748997
619 0.922675333287
620 0.493788894107
621 0.0128059964746
622 0.408268362754
623 0.799514960907
624 0.0709952986366
625 0.786448518507
626 0.427495643652
627 0.278713534133
628 0.149667866759
629 0.911444704925
630 0.769783842487
631 0.623428104393
632 0.69848951918
633 0.832916435583
634 0.296753127823
635 0.972543229312
636 0.130495148359
637 0.0457895514098
638 0.632471922632
639 0.199296767118
640 0.237631347103
641 0.83001719716
642 0.502800919387
643 0.162797553988
644 0.389760503952
645 0.807231247894
646 0.378491316963
647 0.593774539863
648 0.369206842811
649 0.4484335301
650 0.184324300681
651 0.0813489869048
652 0.458731462979
653 0.718315130343
654 0.637703575207
655 0.349349064203
656 0.41454647135
657 0.931157595658
658 0.811904241951
659 0.43801216407
660 0.122994642214
661 0.693661108362
662 0.601614518854
663 0.518595088177
664 0.769776925912
665 0.855090252395
666 0.586856022846
667 0.357405082527
668 0.710221838622
669 0.318184286446
670 0.525643823487
671 0.765171577411
672 0.758102759954
673 0.693773726393
674 0.499116692327
675 0.888007721415
676 0.227924525059
677 0.725876552893
678 0.27826720946
679 0.341695972677
680 0.912453733691
681 0.187600219117
682 0.396113920557
683 0.844902153271
684 0.583287895531
685 0.51367370996
686 0.300090826377
687 0.605501630596
688 0.429963061715
689 0.647890184481
690 0.612788732571
691 0.917325476959
692 0.878507102174
693 0.562846492942
694 0.481607468302
695 0.253868958368
696 0.830857410701
697 0.95473995251
698 0.0723062087636
699 0.863630422482
700 0.612512612025
701 0.897112419218
702 0.954871330996
703 0.362255922874
704 0.0508117549865
705 0.873976165595
706 0.945551530634
707 0.0307958441451
708 0.53499536889
709 0.384128970579
710 0.896177691468
711 0.489715371538
712 0.669851632807
713 0.485568380899
714 0.444271401204
715 0.533416192202
716 0.163107328697
717 0.65832786396
718 0.834095557426
719 0.808641873486
720 0.170099041014
721 0.928126984712
722 0.948673867519
723 0.0624030851001
724 0.782645212143
725 0.453692291499
726 0.466233925505
727 0.227454092236
728 0.056740770277
729 0.913930893394
730 0.0105739649439
731 0.0989718342489
732 0.772024615531
733 0.0199206496386
734 0.645128262981
735 0.532949290789
736 0.699176855563
737 0.0268997336151
738 0.76219833805
739 0.143094290313
740 0.711185804467
741 0.0427041389824
742 0.964059810875
743 0.730102820285
744 0.580347933803
745 0.650251274963
746 0.929259234607
747 0.7420664832
748 0.277065199117
749 0.177030018848
750 0.497817917274
751 0.74738301774
752 0.492808386537
753 0.478200411714
754 0.93934041512
755 0.893502177703
756 0.732859207842
757 0.987994997966
758 0.64282987461
759 0.63964732379
760 0.483172875419
761 0.380305500685
762 0.0606739427038
763 0.0252323795845
764 0.0591607349921
765 0.820987188183
766 0.496107767224
767 0.890592831292
768 0.617948141862
769 0.518163287396
770 0.0289762091627
771 0.904309447842
772 0.194689381614
773 0.361754966801
774 0.255533018059
775 0.536401067572
776 0.247148362012
777 0.724359069524
778 0.153871013989
779 0.960674031372
780 0.466631626097
781 0.0976790759668
782 0.321048607083
783 0.780434422037
784 0.0760295149527
785 0.812764302322
786 0.915277912843
787 0.118801225031
788 0.797914847177
789 0.38751769544
790 0.662088394626
791 0.218695125138
792 0.107335045865
793 0.0170474311832
794 0.190718808084
795 0.295741018467
796 0.762629872976
797 0.336352817552
798 0.908896011003
799 0.106269419942
800 0.231601348575
801 0.849762428778
802 0.984155854995
803 0.234739493212
804 0.0102721161437
805 0.480882444203
806 0.772776022904
807 0.75248581489
808 0.183216539236
809 0.265459357672
810 0.726259414868
811 0.511888067685
812 0.836719058995
813 0.184838342139
814 0.256501873406
815 0.490058596288
816 0.136508868879
817 0.193074595127
818 0.0736395278833
819 0.421601505964
820 0.756600648152
821 0.739439375295
822 0.449534770863
823 0.741931011872
824 0.994513095989
825 0.207638220485
826 0.601028459217
827 0.9684314879
828 0.436376940287
829 0.138273922811
830 0.899835360054
831 0.562333346075
832 0.0785346241617
833 0.54488009876
834 0.988252891074
835 0.215770525889
836 0.319597482969
837 0.515287650001
838 0.901670170321
839 0.0525588025602
840 0.602469970716
841 0.490473276715
842 0.942407729053
843 0.300732933538
844 0.110151719558
845 0.793622489243
846 0.519621484492
847 0.920393501652
848 0.179814244521
849 0.999326966677
850 0.745799090104
851 0.222564365334
852 0.937344452873
853 0.207453395811
854 0.157066524074
855 0.801971363612
856 0.872579545046
857 0.328794445028
858 0.489695542357
859 0.813098830079
860 0.935414662091
861 0.0755754563812
862 0.184431718282
863 0.555880617976
864 0.242710418331
865 0.339885441448
866 0.747136498621
867 0.0541679950895
868 0.695978665324
869 0.916460138842
870 0.512091309432
871 0.513052844789
872 0.865830649251
873 0.680135991497
874 0.181229687711
875 0.957595030959
876 0.417721404202
877 0.279006766991
878 0.389792745366
879 0.405284026355
880 0.978195888279
881 0.395772864512
882 0.745006736242
883 0.0688486527196
884 0.912555272317
885 0.166654319767
886 0.59603429502
887 0.822408053443
888 0.923047673328
889 0.4689119383
890 0.0551234379145
891 0.511856679369
892 0.28276338449
893 0.738746755666
894 0.224235823238
895 0.575017241808
896 0.310635704714
897 0.843263998647
898 0.316741262141
899 0.522338958947
900 0.890779572875
901 0.348123328982
902 0.88349582986
903 0.485296294074
904 0.941459537918
905 0.669783516431
906 0.608666962667
907 0.216290871326
908 0.0450725581311
909 0.420934440206
910 0.88763829513
911 0.237681177098
912 0.496850053011
913 0.311330322699
914 0.156857045864
915 0.470010056812
916 0.761541663311
917 0.85946606852
918 0.479584290818
919 0.981706328031
920 0.291932412088
921 0.511614436826
922 0.427518130014
923 0.979036638202
924 0.407053168949
925 0.869565847101
926 0.27317531776
927 0.520255245138
928 0.903415603973
929 0.637673855471
930 0.878281309443
931 0.0370155420778
932 0.489734257937
933 0.0992024854232
934 0.359126831692
935 0.56835109903
936 0.616934557812
937 0.438043214302
938 0.113313248781
939 0.926539447871
940 0.422021630269
941 0.897233116868
942 0.855908667509
943 0.383144367871
944 0.899681861659
945 0.899668667978
946 0.0423825799448
947 0.180247971316
948 0.0807926180257
949 0.60577888157
950 0.249332402889
951 0.185777761797
952 0.849320980633
953 0.246791274214
954 0.14619736991
955 0.591282756235
956 0.315381405851
957 0.467675508947
958 0.300776008501
959 0.39949300577
960 0.813002545872
961 0.35747175454
962 0.718501149794
963 0.000803587841622
964 0.567045878591
965 0.590549192156
966 0.552434504357
967 0.0970916638702
968 0.829381139734
969 0.861820084142
970 0.713359508748
971 0.774130479027
972 0.14161900343
973 0.347710787951
974 0.91390596038
975 0.931280623599
976 0.813253208184
977 0.925192766251
978 0.856972283814
979 0.355502751117
980 0.460165183307
981 0.810333354647
982 0.524081343711
983 0.69408358836
984 0.916036230385
985 0.520568681039
986 0.376392830843
987 0.427035907511
988 0.672655131936
989 0.765446041965
990 0.473855175076
991 0.346716215709
992 0.73524771584
993 0.400902286952
994 0.0155632893773
995 0.996767105149
996 0.0380481694145
997 0.57593545143
998 0.283050528252
999 0.765967234953
1000 0.973306557543
1001 0.407086910277
1002 0.798158227251
1003 0.075434492111
1004 0.489694841683
1005 0.119183813067
1006 0.939772736311
1007 0.403991254046
1008 0.798324523769
1009 0.514903862152
1010 0.38856352687
1011 0.826738509307
1012 0.00546543857606
1013 0.212627286616
1014 0.675696102882
1015 0.168044340518
1016 0.311101929207
1017 0.303103343198
1018 0.57970071675
1019 0.499771306271
1020 0.990060597823
1021 0.360153406718
1022 0.41161818316
1023 0.688293828406
1024 0.441865176315
1025 0.664720667235
1026 0.893977375952
1027 0.847727590415
1028 0.844544646948
1029 0.22664871851
1030 0.67431289952
1031 0.466091470787
1032 0.865768493993
1033 0.363681473637
1034 0.252681608154
1035 0.261746077191
1036 0.860331966392
1037 0.199483560898
1038 0.694438736703
1039 0.835917929643
1040 0.252869017437
1041 0.0676224502301
1042 0.729115165651
1043 0.0248369646488
1044 0.542594762405
1045 0.795616332532
1046 0.696703823292
1047 0.972192410449
1048 0.855405142463
1049 0.981312782985
1050 0.292977486446
1051 0.490341200145
1052 0.0239137284847
1053 0.0691026910376
1054 0.560050240485
1055 0.751015285839
1056 0.432599034441
1057 0.00178655309535
1058 0.842143581963
1059 0.790816826171
1060 0.990782495124
1061 0.993932886406
1062 0.816364267604
1063 0.408977894795
1064 0.959605641405
1065 0.384020683499
1066 0.43944654064
1067 0.581017386121
1068 0.908236881972
1069 0.144679646744
1070 0.289292559173
1071 0.921013973041
1072 0.175588835341
1073 0.818633169014
1074 0.823270258259
1075 0.818713158013
1076 0.395552442003
1077 0.552148797803
1078 0.102546443741
1079 0.500448947807
1080 0.829677048736
1081 0.384557952384
1082 0.66087076931
1083 0.323321742859
1084 0.778583196618
1085 0.737237284345
1086 0.964831537363
1087 0.424678083084
1088 0.885798949488
1089 0.41041567701
1090 0.681187472269
1091 0.709431832381
1092 0.718484669172
1093 0.427715254985
1094 0.857504175444
1095 0.14947431554
1096 0.902897876191
1097 0.922102797584
1098 0.591701554262
1099 0.620992470744
1100 0.195931524707
1101 0.574760417334
1102 0.0248349141759
1103 0.560894947768
1104 0.730795903719
1105 0.197980497026
1106 0.047471666433
1107 0.302430732217
1108 0.333394139348
1109 0.812500668751
1110 0.188797797994
1111 0.851828192718
1112 0.0354424524105
1113 0.751643837453
1114 0.183149625979
1115 0.793029776986
1116 0.412228469745
1117 0.318033391102
1118 0.505492681193
1119 0.938798922903
1120 0.203101740125
1121 0.787152589638
1122 0.195852168044
1123 0.393901762068
1124 0.270311601828
1125 0.915144342868
1126 0.256168108083
1127 0.175452959362
1128 0.714517340068
1129 0.936065726278
1130 0.579015848996
1131 0.275931004591
1132 0.9302434807
1133 0.644744255297
1134 0.209456170695
1135 0.224229765521
1136 0.526641067336
1137 0.351790425453
1138 0.180704060599
1139 0.427544042771
1140 0.8884650026
1141 0.0283560345343
1142 0.708216561974
1143 0.720157692922
1144 0.203466678009
1145 0.757060532708
1146 0.284435371895
1147 0.809408657205
1148 0.358761693146
1149 0.868324229729
1150 0.47477080595
1151 0.0967669199259
1152 0.418703335842
1153 0.446751478069
1154 0.564609670985
1155 0.589322107517
1156 0.188536240638
1157 0.34681661196
1158 0.956482353783
1159 0.0198573044379
1160 0.5367893424
1161 0.922862848741
1162 0.54841290895
1163 0.971808185997
1164 0.327229087741
1165 0.201870756478
1166 0.247939053713
1167 0.130044351477
1168 0.734770148606
1169 0.996025540758
1170 0.497557686827
1171 0.415411624467
1172 0.050950750233
1173 0.231740702636
1174 0.487334694681
1175 0.221226114482
1176 0.266065853682
1177 0.473635152491
1178 0.231556329986
1179 0.662094312142
1180 0.440526995616
